Id,Name,Chrom,Position,A1,A2,A1Frq,A1Effect,SE,PIP,LastSampleEff
315317,4-91756651,4,95219309,T,C,0.0025,6e-06,0.000688,0.002,0
387471,5-41565999,5,42781686,A,G,0.008876,5e-06,0.00038,0.002,0
218488,3-69278384,3,69556573,A,G,0.002646,4e-06,0.000436,0.002,0
274341,3-220507852,3,224122528,T,C,0.002538,4e-06,0.000451,0.002,0
623664,8-120265165,8,123772028,A,G,0.002747,4e-06,0.000444,0.002,0
490,1-1036488,1,1069546,C,T,0.005747,3e-06,0.000225,0.002,0
50496,1-136473760,1,138675901,T,C,0.005587,3e-06,0.000254,0.002,0
181742,2-207084265,2,213308740,T,G,0.002674,3e-06,0.000422,0.002,0
185288,2-216495269,2,222604760,T,C,0.003704,3e-06,0.000408,0.002,0
194243,2-236702252,2,243931356,T,C,0.00289,3e-06,0.00041,0.002,0
203713,3-24153784,3,23645897,T,C,0.002874,3e-06,0.000354,0.002,0
226219,3-100380619,3,86196122,A,G,0.017413,3e-06,0.000178,0.002,0
255345,3-165775144,3,168350059,C,T,0.011364,3e-06,0.000212,0.003,0
257454,3-172380398,3,174749642,T,C,0.0025,3e-06,0.000337,0.002,0
271507,3-211891520,3,215480338,T,G,0.01005,3e-06,0.000196,0.002,0
290443,4-27557517,4,29046467,T,C,0.007895,3e-06,0.000345,0.002,0
306885,4-69661414,4,72320131,A,G,0.005917,3e-06,0.000165,0.002,0
315733,4-92665494,4,96170973,T,C,0.007732,3e-06,0.000327,0.002,0
343943,4-163848865,4,166756607,A,G,0.005587,3e-06,0.000195,0.003,0.001729
349123,4-176426030,4,179389954,C,T,0.002618,3e-06,0.000363,0.002,0
349477,4-177478352,4,180369414,A,G,0.008021,3e-06,0.00021,0.002,0
456092,6-10078990,6,10492460,T,A,0.005714,3e-06,0.000216,0.002,0
534687,7-53588485,7,55454329,A,G,0.002717,3e-06,0.000393,0.002,0
542867,7-74247782,7,76673738,T,C,0.012563,3e-06,0.00017,0.002,0
568748,7-143235075,7,148149921,T,C,0.005587,3e-06,0.000319,0.002,0
595530,8-39878231,8,41036921,G,A,0.005917,3e-06,0.000353,0.002,0
654344,9-27375124,9,27462398,T,G,0.005714,3e-06,0.000206,0.003,0
706239,10-26371885,10,27002496,A,G,0.004,3e-06,0.000273,0.002,0
714594,10-48704472,10,50021607,C,G,0.008152,3e-06,0.000224,0.002,0
732015,10-100932439,10,101437295,C,T,0.002857,3e-06,0.00025,0.002,0
56,1-84978,1,130995,G,A,0.015625,2e-06,0.000155,0.002,0
742,1-1508756,1,1552572,T,G,0.005181,2e-06,0.000129,0.002,0
2196,1-5584231,1,5663163,G,C,0.010152,2e-06,0.000164,0.002,0
5009,1-13203493,1,13525441,T,C,0.007538,2e-06,0.000201,0.002,0
7184,1-18823932,1,19158890,G,A,0.002857,2e-06,0.000175,0.002,0
7418,1-19445189,1,19829982,A,G,0.007772,2e-06,0.000143,0.002,0
7938,1-20800957,1,21044152,A,G,0.008876,2e-06,0.000269,0.002,0
8261,1-21440811,1,21745729,A,T,0.005814,2e-06,0.000121,0.002,0
10911,1-28795968,1,28998455,T,A,0.010929,2e-06,0.000124,0.002,0
11402,1-30540359,1,30797606,T,G,0.007576,2e-06,0.000164,0.002,0
11469,1-30760465,1,31054078,G,A,0.005102,2e-06,0.000143,0.002,0
13021,1-35998140,1,35711680,A,G,0.003731,2e-06,0.000141,0.002,0
14488,1-39456495,1,39798676,A,G,0.002577,2e-06,0.000174,0.002,0
14922,1-40858675,1,41210080,T,C,0.010204,2e-06,0.000172,0.002,0
16554,1-45295128,1,45460577,T,C,0.015957,2e-06,0.000108,0.003,0
16605,1-45398027,1,45565330,A,G,0.002688,2e-06,0.000301,0.002,0
19326,1-53633478,1,54265603,A,G,0.005,2e-06,0.000193,0.003,0
23449,1-65347785,1,66243487,T,A,0.012563,2e-06,0.000156,0.002,0
23776,1-66503104,1,67120249,A,G,0.015152,2e-06,0.000177,0.002,0
23925,1-66019493,1,67608304,G,C,0.004975,2e-06,0.000246,0.002,0
24277,1-67212494,1,68437725,T,G,0.003817,2e-06,0.000198,0.002,0
24449,1-67749058,1,68905904,A,G,0.00974,2e-06,0.000157,0.002,0
25943,1-71451345,1,72735328,A,T,0.017442,2e-06,0.000129,0.002,0
27075,1-74100899,1,75513438,A,T,0.015038,2e-06,0.000118,0.002,0
33053,1-89528012,1,91501293,A,G,0.01,2e-06,0.000167,0.002,0
34181,1-92127917,1,94129266,G,A,0.01005,2e-06,0.000125,0.002,0
38393,1-103429028,1,105973762,T,C,0.007389,2e-06,0.000168,0.002,0
42145,1-114977053,1,116556832,T,C,0.009091,2e-06,0.000162,0.002,0
42449,1-116131080,1,117728840,A,T,0.010101,2e-06,0.000133,0.002,0
42922,1-117752836,1,119523836,G,A,0.004975,2e-06,0.000262,0.002,0
47828,1-131072785,1,133442527,A,G,0.002646,2e-06,0.000177,0.002,0
48270,1-131888132,1,134274747,G,A,0.021505,2e-06,0.000185,0.002,0
48804,1-132884987,1,135299896,A,T,0.0075,2e-06,0.000142,0.002,0
51208,1-137801408,1,140018622,T,C,0.005051,2e-06,0.000154,0.002,0
51699,1-139078747,1,141305871,T,G,0.007538,2e-06,0.000253,0.002,0
51903,1-139754785,1,141903801,T,C,0.014493,2e-06,0.000208,0.002,0
53013,1-143984319,1,146169110,A,G,0.010256,2e-06,0.000191,0.002,0
60721,1-169844982,1,171652877,T,C,0.01497,2e-06,0.000365,0.002,0
65505,1-184309541,1,186412650,A,G,0.002538,2e-06,0.000259,0.002,0
68285,1-191555630,1,193774946,T,C,0.01087,2e-06,0.00012,0.002,0
71363,1-199874544,1,202300362,A,G,0.004926,2e-06,0.000156,0.002,0
78621,1-219823208,1,223000892,A,C,0.002538,2e-06,0.000166,0.002,0
79064,1-221126519,1,224344205,C,G,0.003086,2e-06,0.000186,0.002,0
81901,1-228879064,1,232449414,A,G,0.005618,2e-06,0.000332,0.002,0
82281,1-230152194,1,233626584,T,C,0.002941,2e-06,0.000397,0.002,0
89096,1-247424129,1,251382021,A,C,0.008475,2e-06,0.000136,0.002,0
95172,1-262457409,1,267211181,A,C,0.017751,2e-06,0.000109,0.002,0
100436,1-279295886,1,284291470,T,C,0.010204,2e-06,0.000115,0.002,0
100537,1-279503261,1,284563798,G,A,0.007282,2e-06,0.000154,0.002,0
102508,1-285612963,1,290682369,G,T,0.012953,2e-06,0.000164,0.002,0
104169,1-290176870,1,295587950,G,T,0.019553,2e-06,0.000171,0.002,0
107012,1-296439776,1,301828826,A,G,0.003165,2e-06,0.000222,0.002,0
107029,1-296464520,1,301862070,C,T,0.003378,2e-06,0.00027,0.002,0
112393,2-9455645,2,9625786,A,G,0.005405,2e-06,0.000161,0.002,0
120712,2-30920891,2,31832795,C,T,0.003333,2e-06,0.000234,0.002,0
128746,2-53851356,2,55253195,A,G,0.010417,2e-06,0.000154,0.002,0
131114,2-60479753,2,62022877,A,G,0.013298,2e-06,0.000155,0.002,0
135399,2-73399266,2,74734134,T,C,0.017341,2e-06,0.000149,0.002,0
135799,2-74457395,2,75812140,C,T,0.004878,2e-06,0.000153,0.002,0
136450,2-76282726,2,77718211,C,T,0.015544,2e-06,0.000137,0.002,0
136880,2-77900571,2,79261425,T,C,0.005263,2e-06,0.000195,0.002,0
142618,2-96004106,2,98242473,C,G,0.012376,2e-06,8.2e-05,0.002,0
146052,2-108763494,2,111220542,T,C,0.009901,2e-06,0.000216,0.002,0
148160,2-115889519,2,118558531,A,G,0.006667,2e-06,0.00012,0.002,0
151257,2-124750480,2,128195935,A,G,0.002747,2e-06,0.000324,0.002,0
151838,2-126343397,2,129848385,A,G,0.00625,2e-06,0.000176,0.002,0
154777,2-135458343,2,138880131,A,G,0.015464,2e-06,0.000137,0.003,0
156344,2-139453303,2,143607664,T,C,0.005747,2e-06,0.000127,0.002,0
158679,2-145975960,2,149865030,A,G,0.010256,2e-06,0.000136,0.002,0
160270,2-150607562,2,154573807,T,C,0.01087,2e-06,0.000142,0.002,0
168194,2-172800955,2,176968235,T,C,0.007576,2e-06,0.000144,0.002,0
171335,2-180547392,2,185319056,T,C,0.005319,2e-06,0.000153,0.002,0
172741,2-184267930,2,189128304,A,C,0.014851,2e-06,0.000172,0.002,0
172772,2-184378544,2,189245715,T,C,0.002646,2e-06,0.000169,0.002,0
173379,2-185844139,2,190785818,T,C,0.010526,2e-06,0.000143,0.002,0
174085,2-187588640,2,192579089,A,C,0.0025,2e-06,0.000356,0.002,0
175635,2-191305361,2,196371994,A,T,0.021622,2e-06,0.000147,0.002,0
177864,2-196612599,2,202238057,A,G,0.002924,2e-06,0.000409,0.002,0
177918,2-196738006,2,202361315,T,C,0.00495,2e-06,0.000176,0.002,0
179343,2-200508977,2,206361073,T,C,0.002841,2e-06,0.000201,0.002,0
181018,2-204993995,2,210894278,T,G,0.011364,2e-06,0.000159,0.002,0
181419,2-206110279,2,212273697,A,G,0.006623,2e-06,0.000331,0.002,0
183663,2-212340847,2,218495580,A,G,0.007614,2e-06,0.000197,0.002,0
188502,2-224467092,2,230853241,A,G,0.006211,2e-06,0.00021,0.002,0
190350,2-229034247,2,235424416,A,C,0.00266,2e-06,0.000227,0.002,0
194596,3-1031155,3,230544,C,A,0.012563,2e-06,0.000214,0.002,0
198303,3-10328061,3,9618835,A,C,0.015432,2e-06,0.000121,0.002,0
198916,3-11704647,3,11001341,A,G,0.007143,2e-06,0.000153,0.002,0
204020,3-25226032,3,24759039,A,C,0.005291,2e-06,0.000144,0.002,0
204611,3-27328519,3,26868753,A,C,0.002825,2e-06,0.000236,0.002,0
210015,3-45131324,3,44672212,A,T,0.002674,2e-06,0.000241,0.002,0
210537,3-46722260,3,46355044,C,T,0.00365,2e-06,0.000252,0.002,0
214856,3-59670482,3,59701406,A,G,0.005747,2e-06,0.000161,0.002,0
219255,3-71073152,3,71326466,A,C,0.007426,2e-06,0.000148,0.002,0
219398,3-71277082,3,71584900,T,A,0.002674,2e-06,2e-04,0.002,0
220412,3-73164401,3,73522319,T,G,0.002778,2e-06,0.000306,0.002,0
221426,3-75145431,3,75401830,A,T,0.014851,2e-06,0.000165,0.002,0
222289,3-76647092,3,76889381,A,C,0.008475,2e-06,0.00016,0.002,0
222324,3-76709478,3,76951682,A,C,0.007692,2e-06,0.000135,0.002,0
224255,3-80374483,3,80659839,G,A,0.009901,2e-06,0.000171,0.002,0
224731,3-81549977,3,81843988,A,G,0.010204,2e-06,9.6e-05,0.002,0
226566,3-101541646,3,87430625,A,G,0.005747,2e-06,0.000208,0.002,0
229052,3-106142530,3,92034271,A,G,0.010471,2e-06,0.000186,0.002,0
229495,3-106936122,3,92877247,T,C,0.007692,2e-06,0.000139,0.002,0
230005,3-107845869,3,93717382,A,G,0.015385,2e-06,0.000133,0.002,0
235367,3-94387340,3,104773528,A,C,0.011696,2e-06,0.000148,0.002,0
235516,3-93906323,3,105293506,A,G,0.007772,2e-06,0.000137,0.003,0
236296,3-91013676,3,108186655,A,G,0.002688,2e-06,0.000299,0.002,0
238470,3-114817755,3,115140334,A,G,0.007538,2e-06,0.000264,0.002,0
242751,3-126395642,3,126797092,T,C,0.010695,2e-06,0.000163,0.002,0
245645,3-137318137,3,137959044,A,G,0.006211,2e-06,0.000209,0.002,0
247317,3-142241607,3,143098319,T,G,0.00625,2e-06,0.00024,0.002,0
249271,3-147389258,3,148646185,C,T,0.009662,2e-06,0.000208,0.002,0
251869,3-155499902,3,156904068,A,C,0.002747,2e-06,0.000174,0.002,0
256492,3-169318286,3,171878849,T,C,0.005495,2e-06,0.000232,0.002,0
258198,3-174349021,3,176757144,G,A,0.00495,2e-06,0.000181,0.002,0
259283,3-177015103,3,179722510,A,G,0.003817,2e-06,0.000191,0.002,0
260343,3-179780774,3,182593869,A,T,0.01005,2e-06,0.000128,0.002,0.001783
263631,3-188882489,3,191717108,A,T,0.002747,2e-06,0.000227,0.002,0
263666,3-188967347,3,191797763,T,C,0.005,2e-06,0.000143,0.002,0
264097,3-190288155,3,193070986,G,A,0.002825,2e-06,0.000187,0.002,0
265480,3-194064719,3,196979715,A,T,0.005525,2e-06,0.000209,0.002,0
268136,3-202471132,3,205610732,A,G,0.007812,2e-06,0.000107,0.002,0
269216,3-205085804,3,208314308,A,G,0.010152,2e-06,0.00021,0.002,0
288040,4-22108786,4,23354715,A,C,0.010811,2e-06,0.000219,0.002,0
290119,4-26760683,4,28253622,A,C,0.012821,2e-06,0.000127,0.002,0
293739,4-36518269,4,38140086,A,G,0.007614,2e-06,0.000205,0.002,0
299119,4-49257860,4,51371666,A,G,0.007538,2e-06,0.000169,0.002,0
299259,4-49657769,4,51779181,C,T,0.012422,2e-06,0.00013,0.002,0
300730,4-53880898,4,56091752,G,A,0.003289,2e-06,0.000178,0.002,0
301939,4-57255554,4,59560600,T,G,0.01145,2e-06,0.000187,0.002,0
306258,4-67681844,4,70184728,G,T,0.002809,2e-06,0.000258,0.002,0
308056,4-73201640,4,75900746,A,G,0.005291,2e-06,0.000258,0.002,0
312838,4-85939555,4,89268699,T,C,0.017157,2e-06,0.000119,0.002,0
313254,4-86974562,4,90330668,A,C,0.007426,2e-06,0.00015,0.002,0
316231,4-93650018,4,97184537,T,C,0.01269,2e-06,0.000175,0.002,0
316489,4-94209809,4,97756970,A,G,0.002525,2e-06,0.000306,0.002,0
316650,4-100575025,4,98113758,A,G,0.004926,2e-06,0.00015,0.002,0
317568,4-102499697,4,99998016,T,A,0.015152,2e-06,9.1e-05,0.002,0
317919,4-102912967,4,100489706,T,C,0.012121,2e-06,0.00014,0.002,0
319841,4-99803862,4,104402664,T,A,0.00578,2e-06,0.000192,0.002,0
320008,4-99471545,4,104750035,A,G,0.002778,2e-06,0.000148,0.002,0
320413,4-98734633,4,105513763,A,G,0.009901,2e-06,0.000186,0.002,0
322439,4-105716850,4,109764492,A,G,0.002976,2e-06,0.000268,0.002,0
322850,4-106750122,4,110841593,C,A,0.005236,2e-06,0.000257,0.002,0
325514,4-114629107,4,118237127,A,G,0.005682,2e-06,0.000164,0.002,0
325564,4-114792040,4,118401000,A,T,0.008571,2e-06,0.000151,0.002,0
326118,4-116161793,4,119813324,T,A,0.007772,2e-06,0.000221,0.002,0
327150,4-117906242,4,121582406,T,C,0.013089,2e-06,0.000184,0.002,0
328490,4-121555129,4,125377144,A,C,0.008671,2e-06,0.00014,0.002,0
329046,4-123715165,4,126674936,A,T,0.007092,2e-06,0.000197,0.002,0
330832,4-128974216,4,132018155,A,G,0.003448,2e-06,0.000215,0.002,0
331006,4-129486492,4,132512689,A,G,0.007895,2e-06,0.000219,0.002,0
334895,4-141242046,4,144373594,G,A,0.005464,2e-06,0.000191,0.002,0
336080,4-144400073,4,147689376,A,T,0.008242,2e-06,0.00019,0.002,0
336786,4-146476077,4,149804616,T,C,0.002439,2e-06,0.000134,0.002,0
339364,4-151343629,4,154831980,T,A,0.01087,2e-06,0.000189,0.002,0
345263,4-167556443,4,170478532,A,G,0.007692,2e-06,0.000194,0.002,0
348187,4-174075590,4,177084959,T,G,0.005988,2e-06,0.000178,0.002,0
348610,4-175158434,4,178168402,A,C,0.00995,2e-06,0.000169,0.002,0
348866,4-175895288,4,178888315,A,G,0.00813,2e-06,0.000118,0.002,0
350399,4-179693340,4,182614358,A,G,0.014706,2e-06,0.00014,0.002,0
352246,4-183795746,4,187022459,T,A,0.012987,2e-06,0.000134,0.002,0
353430,4-186885187,4,190184121,C,A,0.013158,2e-06,0.000115,0.002,0
354970,4-191019225,4,195031843,T,C,0.009709,2e-06,0.000147,0.002,0
360329,4-205947299,4,210318940,G,T,0.007979,2e-06,0.000202,0.002,0
361005,4-209195147,4,212446373,A,G,0.009804,2e-06,0.000147,0.002,0
362534,4-213328909,4,216801837,G,C,0.002577,2e-06,0.000295,0.002,0
363701,4-216118998,4,219693024,G,A,0.00495,2e-06,0.00016,0.002,0
366312,4-223704474,4,227522858,A,G,0.013812,2e-06,0.000126,0.002,0
367072,4-225730544,4,230128617,C,A,0.005181,2e-06,0.000279,0.002,0
367525,4-226951356,4,231375773,A,G,0.005464,2e-06,0.000246,0.002,0
367635,4-227295843,4,231722812,A,G,0.009375,2e-06,0.000156,0.002,0
367872,4-227902153,4,232331499,T,A,0.007692,2e-06,0.000106,0.002,0
372918,4-240791248,4,245649873,A,G,0.007389,2e-06,0.000245,0.002,0
373994,5-1467926,5,1509895,T,G,0.008876,2e-06,0.000204,0.002,0
379093,5-15199885,5,15728393,A,G,0.005155,2e-06,0.000196,0.002,0
383807,5-29400626,5,30225024,T,C,0.007299,2e-06,0.000191,0.002,0
383832,5-29325644,5,30308121,G,A,0.032828,2e-06,0.000113,0.002,0
384864,5-32872739,5,34025935,T,C,0.010204,2e-06,0.000274,0.002,0
385106,5-33905336,5,35055966,A,C,0.014535,2e-06,0.000298,0.002,0
387999,5-42983426,5,44230891,T,G,0.013158,2e-06,0.000117,0.002,0
388758,5-44547518,5,45849322,A,G,0.005025,2e-06,0.000149,0.002,0
389261,5-45722120,5,47070580,A,G,0.007732,2e-06,0.000199,0.002,0
391623,5-51664231,5,53251280,A,G,0.010526,2e-06,0.000144,0.002,0
396471,5-65372060,5,67277550,A,G,0.0175,2e-06,0.000149,0.002,0
396808,5-66529006,5,68422605,T,C,0.00641,2e-06,0.000174,0.002,0
400897,5-77005600,5,79272569,T,C,0.00838,2e-06,0.000128,0.002,0
404486,5-87284801,5,89510815,T,A,0.013089,2e-06,0.000124,0.002,0
404742,5-88108494,5,90368142,G,T,0.00289,2e-06,0.000127,0.002,0
406405,5-92883004,5,95226112,A,G,0.002778,2e-06,0.000148,0.002,0
410317,5-103929744,5,106482382,A,C,0.002525,2e-06,0.000185,0.002,0
412596,5-111461839,5,114211949,T,C,0.005025,2e-06,0.000321,0.002,0
416572,5-120754432,5,123597820,A,G,0.002564,2e-06,0.000177,0.002,0
419053,5-126195034,5,129392976,C,T,0.002674,2e-06,0.00037,0.002,0
419414,5-127018174,5,130162277,A,C,0.007937,2e-06,0.000172,0.002,0
426299,5-146953604,5,150382960,C,A,0.010811,2e-06,0.000111,0.002,0
426829,5-148355042,5,151847332,A,G,0.0075,2e-06,0.000179,0.002,0
427331,5-149812521,5,153301868,A,G,0.00838,2e-06,0.000114,0.002,0
427859,5-151432829,5,155086556,A,G,0.025424,2e-06,0.000117,0.002,0
434691,5-170396243,5,174205585,A,G,0.010256,2e-06,0.000204,0.002,0
434968,5-170851255,5,174844858,A,G,0.003012,2e-06,0.000248,0.002,0
435309,5-171721853,5,175755742,A,G,0.007389,2e-06,0.000182,0.002,0
436943,5-176083405,5,180065342,A,G,0.012821,2e-06,0.000169,0.002,0
438113,5-178945572,5,183111507,A,C,0.005952,2e-06,0.000339,0.002,0
447508,5-203990457,5,209361444,A,G,0.002632,2e-06,0.000231,0.002,0
448872,5-207730269,5,213471429,A,G,0.005128,2e-06,0.000204,0.002,0
454256,6-6155543,6,5612089,T,A,0.003571,2e-06,0.000163,0.002,0
456425,6-19856759,6,15051941,A,C,0.003597,2e-06,3e-04,0.002,0
460067,6-15488388,6,25280410,T,C,0.009934,2e-06,0.000144,0.002,0
462379,6-29245080,6,30713428,T,C,0.003145,2e-06,0.00027,0.002,0
467018,6-41248660,6,42829992,A,T,0.010101,2e-06,0.000147,0.002,0
467543,6-42646655,6,44243688,A,G,0.007732,2e-06,0.000262,0.002,0
474164,6-57294688,6,59759883,A,G,0.008475,2e-06,0.000226,0.002,0
481334,6-79928760,6,82775831,A,G,0.010714,2e-06,0.000155,0.003,0
482654,6-82621857,6,85516770,A,G,0.007653,2e-06,0.000182,0.002,0
489436,6-99012434,6,101734298,T,G,0.010989,2e-06,0.000128,0.002,0
500532,6-129104636,6,132924269,T,C,0.006993,2e-06,0.000202,0.002,0
504383,6-140296444,6,144196574,A,G,0.007353,2e-06,0.000128,0.002,0
505341,6-143488935,6,147380284,T,C,0.007937,2e-06,0.000196,0.002,0
506371,6-146081651,6,149927789,A,G,0.012579,2e-06,0.000147,0.002,0
507648,6-149861919,6,153757660,A,T,0.009901,2e-06,0.000187,0.002,0
512910,6-164122505,6,168093050,G,A,0.0075,2e-06,0.000182,0.002,0
513138,6-164842465,6,168764175,A,T,0.01087,2e-06,0.000144,0.002,0
519131,7-7423425,7,7844658,G,T,0.0025,2e-06,0.000208,0.002,0
519211,7-7624716,7,8034445,T,C,0.028061,2e-06,8.8e-05,0.002,0
525743,7-25712676,7,26820868,G,A,0.011538,2e-06,0.000204,0.002,0
527346,7-31361661,7,32482437,A,G,0.006289,2e-06,0.000186,0.002,0
533233,7-49505464,7,51082105,T,A,0.0125,2e-06,0.000117,0.002,0
535128,7-62237658,7,56789795,T,C,0.008021,2e-06,0.000137,0.002,0
537217,7-55356313,7,63963992,A,T,0.010101,2e-06,0.000174,0.002,0
539217,7-68752241,7,70882740,T,A,0.008021,2e-06,0.000175,0.002,0
542039,7-72458650,7,74736939,T,C,0.01005,2e-06,0.000143,0.002,0
543835,7-76841416,7,79383177,T,C,0.020202,2e-06,0.00013,0.002,0
544425,7-78361767,7,81032466,A,G,0.007407,2e-06,0.000122,0.002,0
549166,7-92108762,7,94954143,T,C,0.010204,2e-06,0.000131,0.003,0
549340,7-92966528,7,95578547,A,G,0.010067,2e-06,0.000152,0.002,0
550033,7-94558218,7,97561573,A,C,0.006494,2e-06,0.00021,0.002,0
550356,7-95631051,7,98615006,T,C,0.002841,2e-06,0.000383,0.002,0
554605,7-107399267,7,110667031,T,A,0.005405,2e-06,0.000156,0.002,0
556527,7-112412266,7,115643829,T,C,0.011696,2e-06,0.000218,0.002,0
558543,7-118047956,7,121724897,T,C,0.007042,2e-06,0.000172,0.002,0
559323,7-119750827,7,123473926,T,C,0.014778,2e-06,0.000133,0.002,0
562591,7-127206307,7,131128799,T,C,0.005714,2e-06,0.000198,0.002,0
563657,7-129872451,7,133889409,A,G,0.014778,2e-06,0.00015,0.002,0
564269,7-131687621,7,135691344,C,T,0.003472,2e-06,0.000378,0.002,0
569317,7-144894500,7,149795898,T,C,0.002732,2e-06,0.000193,0.002,0
571251,7-150319260,7,155511005,T,G,0.011111,2e-06,0.000293,0.002,0
574256,7-158534903,7,163911890,T,A,0.003226,2e-06,0.000222,0.002,0
579066,7-173553630,7,177378550,A,T,0.010811,2e-06,0.000145,0.002,0
580355,7-175708955,7,181207551,T,C,0.007812,2e-06,0.000164,0.002,0
580727,8-125258,8,285952,C,G,0.006944,2e-06,0.000155,0.002,0
589476,8-20434096,8,21129267,T,C,0.006757,2e-06,0.000209,0.002,0
589903,8-21422291,8,22106669,T,C,0.008065,2e-06,0.000149,0.002,0
591634,8-25484367,8,26282609,T,C,0.006667,2e-06,0.000157,0.002,0
601658,8-58329374,8,59596234,A,T,0.016129,2e-06,0.000183,0.002,0
604116,8-66406572,8,68000532,A,C,0.003623,2e-06,0.000206,0.002,0
606586,8-73321221,8,75073623,A,C,0.003497,2e-06,0.000235,0.002,0
607751,8-76879267,8,78791613,A,G,0.007538,2e-06,0.000161,0.003,0
610145,8-83471810,8,85609463,A,G,0.010204,2e-06,0.000154,0.002,0
611390,8-86278080,8,88548461,T,G,0.008523,2e-06,0.000147,0.002,0
613798,8-93696131,8,95989063,C,T,0.005435,2e-06,0.000199,0.002,0
615989,8-99121707,8,101603357,T,C,0.011494,2e-06,0.00013,0.002,0
619684,8-109442906,8,112585357,G,A,0.011811,2e-06,0.000136,0.002,0
620136,8-110808650,8,113985962,A,G,0.030151,2e-06,0.000103,0.002,0
623025,8-118287259,8,121727075,T,C,0.013228,2e-06,0.000167,0.002,0
624128,8-121285208,8,124827314,A,T,0.006757,2e-06,0.000163,0.002,0
625473,8-124722604,8,128617620,C,T,0.00838,2e-06,0.000166,0.002,0
626112,8-126017593,8,130347972,A,G,0.004926,2e-06,0.00021,0.002,0
630277,8-139002807,8,143674726,T,C,0.02,2e-06,0.000114,0.002,0
635916,8-156091543,8,161370325,A,G,0.005495,2e-06,0.000241,0.002,0
636759,8-158787259,8,164095945,C,T,0.034682,2e-06,0.000125,0.002,0
637310,8-160309850,8,165737018,T,C,0.013661,2e-06,0.000161,0.002,0
637453,8-160656163,8,166067329,C,T,0.012821,2e-06,0.000249,0.002,0
637721,8-161447885,8,166899955,T,C,0.010929,2e-06,0.000156,0.002,0
638462,8-163684542,8,169118071,C,G,0.004975,2e-06,0.000259,0.002,0
645408,9-6574968,9,6183351,T,G,0.005405,2e-06,0.000244,0.002,0
653621,9-25681855,9,25697026,A,G,0.010582,2e-06,0.000154,0.002,0
654239,9-27178724,9,27252266,T,C,0.003704,2e-06,0.000259,0.002,0
654691,9-28801311,9,28853973,T,C,0.0075,2e-06,0.000198,0.002,0
659039,9-45176242,9,45947657,T,G,0.008242,2e-06,0.000216,0.002,0
663205,9-68954512,9,62184020,T,C,0.002825,2e-06,0.000227,0.002,0
665524,9-59913572,9,71291682,T,G,0.0025,2e-06,0.000369,0.002,0
667394,9-77093742,9,79146646,T,C,0.012626,2e-06,0.000155,0.003,0
669079,9-82305244,9,84483671,G,C,0.013298,2e-06,0.000149,0.002,0
672056,9-91619138,9,93981278,A,T,0.005076,2e-06,9e-05,0.002,0
677872,9-109064967,9,111704306,T,C,0.015,2e-06,0.000109,0.002,0
678779,9-111089468,9,114345411,T,G,0.003165,2e-06,0.000222,0.002,0
683795,9-127635102,9,129556436,T,C,0.007576,2e-06,0.00011,0.002,0
698270,10-8089126,10,8017872,T,A,0.010101,2e-06,0.000145,0.002,0
699899,10-11732619,10,11813965,T,G,0.013369,2e-06,0.000217,0.002,0
701388,10-15422780,10,15744787,G,T,0.003704,2e-06,0.000281,0.002,0
701687,10-16281548,10,16480777,T,C,0.006452,2e-06,0.000187,0.002,0
703720,10-20649319,10,21098781,T,C,0.013441,2e-06,0.000134,0.002,0
704341,10-21962035,10,22480803,C,A,0.00303,2e-06,0.000135,0.002,0
707077,10-28742138,10,29473778,T,C,0.009852,2e-06,0.000202,0.002,0
707324,10-29485325,10,30292872,T,C,0.003125,2e-06,0.000226,0.002,0
708805,10-32650239,10,33526949,A,G,0.012438,2e-06,0.000187,0.002,0
709070,10-33019775,10,33917009,T,A,0.012626,2e-06,0.000176,0.002,0
709362,10-33616362,10,34463055,T,G,0.008021,2e-06,0.000132,0.002,0
710292,10-35946417,10,36992208,A,T,0.011628,2e-06,0.000165,0.002,0
712735,10-42994115,10,44217387,T,C,0.012376,2e-06,0.000176,0.002,0
713191,10-44372008,10,45625802,T,C,0.005051,2e-06,0.000166,0.002,0
713606,10-45866205,10,47132493,T,G,0.009901,2e-06,0.000171,0.002,0
713821,10-46488277,10,47795754,A,T,0.013661,2e-06,0.000121,0.002,0
718441,10-63237529,10,62506251,C,A,0.007143,2e-06,0.000132,0.002,0
726102,10-84138463,10,83995091,A,G,0.008929,2e-06,0.000184,0.002,0
731044,10-98420817,10,98812116,T,C,0.006757,2e-06,0.000224,0.002,0
734013,10-105213741,10,105934610,A,C,0.003145,2e-06,0.000164,0.002,0
734515,10-106610561,10,107304330,T,C,0.0075,2e-06,0.000262,0.002,0
734795,10-107316818,10,108009058,G,A,0.009434,2e-06,0.000149,0.002,0
736436,10-111901891,10,112767304,A,G,0.003125,2e-06,0.000267,0.002,0
737513,10-114992655,10,115998812,T,C,0.002747,2e-06,0.000146,0.002,0
743780,10-133240603,10,134458270,A,G,0.017766,2e-06,0.000158,0.002,0
46,1-71605,1,117663,A,C,0.024272,1e-06,5.9e-05,0.002,0.001207
159,1-349432,1,396039,T,C,0.047904,1e-06,6.5e-05,0.002,0
248,1-538871,1,585684,T,C,0.013089,1e-06,0.000134,0.002,0
268,1-604392,1,648300,A,G,0.014634,1e-06,0.00012,0.002,0
291,1-647190,1,691425,A,G,0.022959,1e-06,4.6e-05,0.002,0
301,1-681711,1,717969,A,G,0.012438,1e-06,6.2e-05,0.002,0
311,1-696417,1,732903,T,C,0.021845,1e-06,6.5e-05,0.002,0
321,1-701689,1,738175,C,T,0.044776,1e-06,3.7e-05,0.002,0
359,1-784139,1,816159,T,C,0.03022,1e-06,5.2e-05,0.002,0
378,1-818120,1,850137,T,A,0.010204,1e-06,5.3e-05,0.002,0
383,1-823731,1,855748,T,C,0.015707,1e-06,0.000101,0.002,0
463,1-972654,1,1005085,A,G,0.017241,1e-06,5.1e-05,0.002,0
484,1-1022620,1,1055680,T,C,0.014851,1e-06,7.9e-05,0.002,0
498,1-1048751,1,1081801,C,G,0.017949,1e-06,4.5e-05,0.002,0
507,1-1062494,1,1095520,T,C,0.041262,1e-06,3.6e-05,0.002,0
519,1-1103596,1,1126511,T,G,0.014706,1e-06,9e-05,0.002,0
555,1-1187025,1,1173338,A,G,0.012626,1e-06,9.8e-05,0.002,0
577,1-1208783,1,1243656,A,G,0.023256,1e-06,7.2e-05,0.002,0
603,1-1263839,1,1298734,A,G,0.043367,1e-06,4.8e-05,0.002,0
642,1-1325842,1,1361392,T,C,0.021084,1e-06,6.8e-05,0.002,0
694,1-1416459,1,1444197,A,G,0.023077,1e-06,5.5e-05,0.003,0
697,1-1419938,1,1447676,T,C,0.012255,1e-06,1e-04,0.002,0
720,1-1463833,1,1507494,A,C,0.010929,1e-06,6.7e-05,0.002,0
751,1-1539159,1,1574487,A,T,0.007853,1e-06,4.6e-05,0.002,0
758,1-1528400,1,1583841,C,A,0.509036,1e-06,2.7e-05,0.003,0
759,1-1515419,1,1585334,T,C,0.0175,1e-06,5.1e-05,0.002,0
773,1-1570420,1,1615995,T,C,0.019608,1e-06,5.4e-05,0.002,0
811,1-1653359,1,1706861,C,A,0.007353,1e-06,0.000117,0.002,0
819,1-1677569,1,1730464,T,C,0.02,1e-06,4e-05,0.002,0
820,1-1680703,1,1733374,T,C,0.015228,1e-06,4.6e-05,0.002,0
829,1-1687984,1,1764550,T,C,0.036723,1e-06,8.2e-05,0.002,0
837,1-1730314,1,1786663,A,G,0.023256,1e-06,7.1e-05,0.002,0
849,1-1773413,1,1829536,A,G,0.009901,1e-06,8.7e-05,0.002,0
868,1-1804974,1,1861096,A,G,0.02,1e-06,5.5e-05,0.002,0
877,1-1825926,1,1895304,A,C,0.01269,1e-06,8.3e-05,0.002,0
971,1-2083275,1,2151947,A,G,0.017986,1e-06,7e-05,0.002,0
1037,1-2282143,1,2363889,C,A,0.012953,1e-06,6.3e-05,0.002,0
1079,1-2466658,1,2564347,A,C,0.01005,1e-06,6.3e-05,0.002,0
1082,1-2486187,1,2583875,A,G,0.018657,1e-06,6.5e-05,0.002,0
1129,1-2644156,1,2735111,C,G,0.019608,1e-06,5.5e-05,0.002,0
1150,1-2810605,1,2836769,T,C,0.00641,1e-06,9.2e-05,0.002,0
1259,1-3037827,1,3139775,C,T,0.006711,1e-06,7.4e-05,0.002,0
1265,1-3044597,1,3146544,T,C,0.012077,1e-06,0.000102,0.002,0
1343,1-3255909,1,3361901,T,C,0.029268,1e-06,5.9e-05,0.002,0
1481,1-3525491,1,3628430,A,T,0.013158,1e-06,0.000116,0.002,0
1482,1-3527142,1,3630080,T,C,0.008021,1e-06,9.1e-05,0.002,0
1507,1-3553189,1,3656120,A,G,0.010309,1e-06,0.000128,0.002,0
1683,1-4061727,1,4148419,G,A,0.012438,1e-06,7.7e-05,0.002,0
1689,1-4085903,1,4194757,A,G,0.012953,1e-06,6.6e-05,0.002,0
1728,1-4178275,1,4286888,G,C,0.015464,1e-06,7.2e-05,0.002,0
1771,1-4343113,1,4490555,T,C,0.028,1e-06,7.3e-05,0.002,0
1782,1-4444602,1,4542095,T,C,0.007853,1e-06,6.3e-05,0.002,0
1867,1-4670205,1,4796580,A,G,0.021583,1e-06,4.3e-05,0.002,0
1884,1-4731284,1,4855059,A,T,0.035714,1e-06,4.5e-05,0.002,0
1892,1-4779452,1,4870444,T,C,0.017361,1e-06,4.5e-05,0.002,0
1986,1-4982465,1,5102576,C,T,0.0125,1e-06,7.5e-05,0.001,0
2019,1-5023922,1,5144030,A,G,0.055882,1e-06,5.2e-05,0.002,0
2038,1-5047736,1,5167843,A,C,0.015924,1e-06,6.3e-05,0.002,0
2095,1-5226316,1,5316360,C,T,0.012987,1e-06,0.000138,0.002,0
2096,1-5226320,1,5316364,A,C,0.022152,1e-06,6e-05,0.002,0
2114,1-5280071,1,5372591,T,C,0.012579,1e-06,8.6e-05,0.002,0
2136,1-5339067,1,5431531,G,A,0.076531,1e-06,3.2e-05,0.002,0
2179,1-5539124,1,5617658,A,C,0.028662,1e-06,4.6e-05,0.002,0
2281,1-5846125,1,5925521,A,G,0.011364,1e-06,6.9e-05,0.002,0
2299,1-5915591,1,5991866,A,C,0.008571,1e-06,5.3e-05,0.002,0
2310,1-5943693,1,6031601,A,G,0.022959,1e-06,4.2e-05,0.002,0
2320,1-5977820,1,6065177,T,C,0.015924,1e-06,7.9e-05,0.002,0
2389,1-6212696,1,6295226,T,G,0.012195,1e-06,9.4e-05,0.002,0
2404,1-6242034,1,6324563,C,G,0.010152,1e-06,7.7e-05,0.002,0
2513,1-6671121,1,6665769,A,G,0.021875,1e-06,3.7e-05,0.002,0
2529,1-6684012,1,6678649,A,C,0.035971,1e-06,5.9e-05,0.002,0
2626,1-6897060,1,6890912,A,G,0.484615,1e-06,3e-05,0.002,0
2758,1-7235246,1,7236682,A,G,0.05198,1e-06,3.9e-05,0.002,0
2845,1-7592409,1,7597633,T,G,0.021505,1e-06,4.6e-05,0.002,0
2912,1-7821986,1,7846650,A,C,0.014205,1e-06,9.1e-05,0.001,0
2977,1-7989782,1,8016160,A,G,0.005464,1e-06,8.6e-05,0.002,0
2990,1-8026854,1,8047616,A,C,0.025773,1e-06,4.9e-05,0.002,0
2999,1-8068459,1,8089748,A,G,0.018229,1e-06,6.9e-05,0.002,0
3028,1-8147118,1,8168255,A,C,0.019324,1e-06,6.1e-05,0.002,0
3086,1-8294999,1,8318782,T,C,0.010695,1e-06,5.3e-05,0.002,2.9e-05
3094,1-8334484,1,8359301,T,C,0.019444,1e-06,4.5e-05,0.002,0
3116,1-8416012,1,8459010,T,C,0.022222,1e-06,5.2e-05,0.002,0
3117,1-8416174,1,8459172,T,G,0.023952,1e-06,5e-05,0.002,0
3328,1-9000513,1,9042104,A,G,0.042289,1e-06,5.3e-05,0.002,0
3350,1-9050327,1,9118076,T,C,0.003049,1e-06,0.000155,0.002,0
3380,1-9138720,1,9184627,T,C,0.016854,1e-06,8.8e-05,0.002,0
3400,1-9180830,1,9226569,G,A,0.058824,1e-06,3.7e-05,0.003,0
3458,1-9354456,1,9405820,C,T,0.007692,1e-06,9.6e-05,0.002,0
3460,1-9355547,1,9406911,A,G,0.01,1e-06,5.3e-05,0.002,0
3517,1-9433278,1,9493212,T,C,0.487374,1e-06,3e-05,0.002,0
3583,1-9589761,1,9655124,A,G,0.026667,1e-06,4.6e-05,0.002,0
3587,1-9591158,1,9656521,G,A,0.011811,1e-06,8.6e-05,0.002,0
3744,1-10014305,1,10091616,A,G,0.01,1e-06,8.2e-05,0.002,0
3757,1-10056915,1,10134224,T,G,0.012097,1e-06,5.5e-05,0.002,0
3764,1-10070671,1,10150530,C,T,0.050279,1e-06,4.8e-05,0.002,0
3816,1-10171928,1,10301807,G,A,0.046154,1e-06,5.4e-05,0.002,0
3875,1-10329721,1,10462327,C,A,0.019608,1e-06,4.5e-05,0.002,0
3892,1-10368846,1,10500744,T,G,0.00995,1e-06,6.5e-05,0.002,0
3906,1-10388951,1,10530880,T,C,0.017766,1e-06,8.8e-05,0.002,0
3920,1-10425470,1,10567064,T,G,0.030556,1e-06,5.3e-05,0.002,0
3935,1-10454516,1,10596870,C,G,0.011628,1e-06,6.1e-05,0.002,0
3977,1-10487548,1,10696507,C,A,0.015873,1e-06,5.9e-05,0.002,0
4119,1-10939082,1,11106818,A,C,0.010929,1e-06,9.8e-05,0.002,0
4185,1-11053224,1,11220702,C,T,0.015625,1e-06,3.9e-05,0.002,0
4285,1-11304247,1,11498908,T,G,0.013736,1e-06,5.9e-05,0.002,0
4310,1-11444762,1,11636186,A,G,0.012438,1e-06,5.4e-05,0.002,0
4321,1-11473231,1,11664565,A,G,0.038265,1e-06,4.4e-05,0.002,0
4387,1-11618482,1,11811406,T,A,0.020833,1e-06,5.8e-05,0.002,0
4398,1-11643782,1,11836706,A,G,0.007937,1e-06,0.000176,0.002,0
4403,1-11659668,1,11853054,T,C,0.010101,1e-06,8e-05,0.002,0
4483,1-11846972,1,12041060,G,A,0.010471,1e-06,0.000126,0.002,0
4492,1-11859003,1,12053091,A,G,0.020979,1e-06,5.2e-05,0.002,0
4537,1-11988385,1,12179543,A,G,0.015957,1e-06,7.9e-05,0.002,0
4602,1-12203620,1,12395625,A,G,0.047368,1e-06,5.2e-05,0.002,0
4707,1-12556308,1,12754089,A,G,0.063584,1e-06,4.3e-05,0.002,0
4734,1-12658978,1,12847943,T,C,0.504975,1e-06,2.9e-05,0.002,0
4750,1-12692862,1,12895102,T,A,0.018135,1e-06,8.9e-05,0.002,0
4908,1-13129459,1,13336327,A,G,0.026515,1e-06,6.6e-05,0.002,0
4966,1-13147059,1,13464549,A,G,0.014925,1e-06,6.6e-05,0.002,0
5026,1-13344242,1,13564508,A,G,0.022167,1e-06,4.8e-05,0.002,0
5028,1-13348877,1,13569143,A,G,0.022959,1e-06,6.1e-05,0.002,0
5094,1-13526837,1,13750674,T,C,0.057803,1e-06,4e-05,0.002,0
5126,1-13637952,1,13861295,C,A,0.015075,1e-06,7.4e-05,0.002,0
5127,1-13638849,1,13862192,A,G,0.457286,1e-06,3.6e-05,0.002,0
5143,1-13674247,1,13897563,C,T,0.033163,1e-06,6.5e-05,0.002,0
5184,1-13805162,1,14031855,A,T,0.013889,1e-06,0.000132,0.002,0
5205,1-13831179,1,14057871,A,G,0.007463,1e-06,8.3e-05,0.002,0
5207,1-13833921,1,14060613,A,G,0.010204,1e-06,6.1e-05,0.002,0
5228,1-13908048,1,14126037,A,G,0.015306,1e-06,8.1e-05,0.002,0
5281,1-14025940,1,14243927,T,C,0.02459,1e-06,5.9e-05,0.001,0
5386,1-14333451,1,14511644,T,A,0.065854,1e-06,4.6e-05,0.002,0
5393,1-14347986,1,14526176,T,C,0.014925,1e-06,5.6e-05,0.002,0
5427,1-14441239,1,14644389,G,A,0.009146,1e-06,0.000104,0.002,0
5437,1-14471000,1,14674145,C,T,0.015075,1e-06,6.2e-05,0.002,0
5473,1-14565627,1,14802851,A,G,0.041916,1e-06,5.3e-05,0.002,0
5542,1-14744814,1,14954862,T,G,0.015544,1e-06,5.5e-05,0.002,0
5566,1-14804832,1,15014834,T,A,0.014851,1e-06,7.3e-05,0.002,0
5616,1-14915533,1,15150810,G,A,0.022556,1e-06,6.4e-05,0.002,0
5626,1-14941202,1,15176478,T,G,0.015873,1e-06,9e-05,0.002,0
5647,1-14986723,1,15220872,C,T,0.014451,1e-06,9.6e-05,0.002,0
5653,1-15005321,1,15239469,T,G,0.032738,1e-06,4e-05,0.002,0
5685,1-15141165,1,15373660,T,G,0.01676,1e-06,5.8e-05,0.002,0
5730,1-15250486,1,15482977,C,T,0.011173,1e-06,7.8e-05,0.002,0
5743,1-15273082,1,15505571,T,G,0.009804,1e-06,6.7e-05,0.002,0
5744,1-15273505,1,15505994,G,A,0.030556,1e-06,4.6e-05,0.002,0
5753,1-15294020,1,15528025,C,T,0.023196,1e-06,5.5e-05,0.002,0
5763,1-15312209,1,15546208,A,G,0.012097,1e-06,6.1e-05,0.002,0
5771,1-15287244,1,15558474,A,G,0.008287,1e-06,0.000107,0.002,0
5782,1-15343906,1,15573906,G,A,0.0125,1e-06,5.1e-05,0.002,0
5896,1-15638748,1,15874728,A,G,0.022152,1e-06,0.000101,0.002,0
5902,1-15672512,1,15912619,A,G,0.033333,1e-06,6.1e-05,0.002,0
5907,1-15673251,1,15913358,C,A,0.010753,1e-06,0.00014,0.002,0
5917,1-15706875,1,15942506,A,G,0.019108,1e-06,4.1e-05,0.002,0
5922,1-15727671,1,15963075,T,C,0.013812,1e-06,8e-05,0.002,0
5924,1-15736106,1,15971509,C,T,0.009756,1e-06,5.1e-05,0.002,0
5939,1-15769395,1,16001991,G,C,0.016484,1e-06,4.7e-05,0.002,0
5962,1-15834613,1,16067871,A,G,0.042714,1e-06,3.6e-05,0.002,0
6032,1-16002683,1,16240576,C,T,0.022346,1e-06,4.3e-05,0.002,0
6095,1-16115023,1,16353172,A,G,0.026829,1e-06,6.6e-05,0.002,0
6221,1-16294060,1,16624058,A,G,0.014706,1e-06,6e-05,0.002,0
6232,1-16286829,1,16631289,T,C,0.011696,1e-06,4.6e-05,0.002,0
6252,1-16254706,1,16663408,T,A,0.197183,1e-06,3.3e-05,0.002,0
6273,1-16342791,1,16717311,A,G,0.037838,1e-06,4.8e-05,0.002,0
6312,1-16437572,1,16812489,T,C,0.022989,1e-06,7e-05,0.002,0
6329,1-16509667,1,16884330,A,C,0.007732,1e-06,8.9e-05,0.002,0
6393,1-16742889,1,17108755,T,C,0.076642,1e-06,3.4e-05,0.002,0
6406,1-16774375,1,17138996,T,C,0.013089,1e-06,8e-05,0.002,0
6408,1-16784041,1,17148663,A,T,0.013298,1e-06,9.1e-05,0.002,0
6411,1-16791631,1,17156253,G,C,0.477387,1e-06,2.9e-05,0.002,0
6439,1-16840756,1,17205382,A,G,0.028571,1e-06,4.5e-05,0.002,0
6444,1-16845993,1,17210619,A,G,0.008475,1e-06,6e-05,0.002,0
6493,1-16999578,1,17347061,T,C,0.033951,1e-06,3.8e-05,0.002,0
6536,1-17197889,1,17491324,A,G,0.021212,1e-06,6.5e-05,0.002,0
6561,1-17283657,1,17567919,C,T,0.014451,1e-06,6.8e-05,0.002,0
6568,1-17324140,1,17615235,A,G,0.044041,1e-06,5.6e-05,0.002,0
6600,1-17430861,1,17745383,G,A,0.015228,1e-06,4.9e-05,0.002,0
6614,1-17476074,1,17790375,A,C,0.015228,1e-06,8e-05,0.002,0
6618,1-17492281,1,17806582,G,C,0.017588,1e-06,7.4e-05,0.002,0
6656,1-17574067,1,17874457,A,G,0.01875,1e-06,5.3e-05,0.002,0
6706,1-17683926,1,17989894,T,C,0.008824,1e-06,9.9e-05,0.002,0
6727,1-17746520,1,18051622,G,A,0.011299,1e-06,8e-05,0.002,0
6736,1-17767896,1,18072130,G,A,0.015528,1e-06,0.000102,0.002,0
6742,1-17784534,1,18088768,C,A,0.017341,1e-06,8.3e-05,0.002,0
6752,1-17810415,1,18114649,A,G,0.021053,1e-06,5.2e-05,0.002,0
6817,1-17985078,1,18319969,T,C,0.02139,1e-06,7.2e-05,0.002,0
6826,1-18027905,1,18354180,G,A,0.032544,1e-06,5.8e-05,0.002,0
6841,1-18102854,1,18395192,A,G,0.022346,1e-06,4e-05,0.002,0
6845,1-18100165,1,18397881,A,G,0.017766,1e-06,5e-05,0.002,0
6902,1-18260005,1,18583998,A,G,0.004975,1e-06,7e-05,0.002,0
6907,1-18271597,1,18595585,A,G,0.010811,1e-06,6e-05,0.002,0
6917,1-18294069,1,18617913,T,C,0.008242,1e-06,7.3e-05,0.002,0
7016,1-18476686,1,18802928,A,G,0.030457,1e-06,4.5e-05,0.002,0
7040,1-18504190,1,18830790,A,C,0.022099,1e-06,7e-05,0.002,0
7084,1-18596352,1,18921845,T,G,0.01087,1e-06,6.3e-05,0.002,0
7156,1-18754942,1,19073740,T,C,0.010989,1e-06,8.3e-05,0.002,0
7198,1-18836539,1,19171497,A,G,0.030612,1e-06,4e-05,0.002,0
7208,1-18872485,1,19207489,A,G,0.041985,1e-06,5.4e-05,0.002,0
7294,1-19164720,1,19498701,T,C,0.013966,1e-06,6.3e-05,0.002,0
7357,1-19343317,1,19653456,A,G,0.017413,1e-06,5.9e-05,0.002,-0.000135
7404,1-19423945,1,19808850,A,G,0.012903,1e-06,8.6e-05,0.002,0
7405,1-19424157,1,19809062,T,C,0.017857,1e-06,3.6e-05,0.002,0
7453,1-19640724,1,19967816,T,A,0.055556,1e-06,4.3e-05,0.002,0
7508,1-19844270,1,20163883,T,C,0.010714,1e-06,8.1e-05,0.002,0
7628,1-20209009,1,20530018,T,C,0.005,1e-06,0.000226,0.002,0
7678,1-20246082,1,20567085,T,C,0.026455,1e-06,7.5e-05,0.002,0
7732,1-20382315,1,20708183,A,C,0.015,1e-06,0.000113,0.002,0
7750,1-20443132,1,20717224,T,A,0.03012,1e-06,6.5e-05,0.002,0
7807,1-20485100,1,20798534,T,C,0.007732,1e-06,7.5e-05,0.002,0
7827,1-20536773,1,20843916,T,C,0.045455,1e-06,7.1e-05,0.002,0
7840,1-20563871,1,20872105,T,C,0.018421,1e-06,6.3e-05,0.002,0
7869,1-20621042,1,20952355,T,C,0.027624,1e-06,4.7e-05,0.002,0
7939,1-20803788,1,21046981,A,G,0.017413,1e-06,0.000111,0.002,0
7991,1-20957823,1,21150942,C,T,0.042553,1e-06,5e-05,0.002,0
8003,1-20934053,1,21177039,T,C,0.009756,1e-06,0.000101,0.002,0
8015,1-20909478,1,21195289,C,A,0.014205,1e-06,7.7e-05,0.002,0
8028,1-20872128,1,21244903,C,A,0.005263,1e-06,9.4e-05,0.002,0
8043,1-20985863,1,21283745,C,T,0.031469,1e-06,4.8e-05,0.002,0
8060,1-21024208,1,21330231,A,G,0.010309,1e-06,7.2e-05,0.002,0
8137,1-21174925,1,21480937,T,C,0.018182,1e-06,0.000134,0.002,0
8203,1-21351231,1,21656583,G,T,0.030928,1e-06,4.8e-05,0.002,0
8217,1-21371178,1,21676528,A,G,0.026178,1e-06,4.4e-05,0.002,0
8245,1-21414817,1,21718713,T,C,0.012658,1e-06,6.8e-05,0.002,0
8251,1-21435355,1,21740274,A,G,0.030612,1e-06,6.1e-05,0.002,0
8266,1-21454167,1,21760099,C,T,0.022959,1e-06,6.8e-05,0.002,0
8331,1-21706595,1,22003711,A,C,0.008197,1e-06,8.8e-05,0.002,0
8334,1-21712467,1,22009583,A,G,0.482412,1e-06,2.8e-05,0.002,0
8350,1-21736608,1,22033714,T,C,0.026667,1e-06,3.3e-05,0.002,0
8383,1-21839595,1,22121563,T,C,0.028351,1e-06,8.8e-05,0.002,0
8384,1-21839611,1,22121579,A,G,0.019231,1e-06,6.2e-05,0.002,0
8437,1-22000405,1,22281045,T,C,0.011976,1e-06,7.3e-05,0.002,0
8440,1-22135156,1,22292575,T,C,0.019108,1e-06,7.2e-05,0.002,0
8476,1-22029106,1,22389746,A,G,0.00838,1e-06,0.000103,0.002,0
8505,1-22156496,1,22491153,A,G,0.013089,1e-06,4.3e-05,0.002,0
8623,1-22438160,1,22842706,T,G,0.014778,1e-06,4.8e-05,0.002,0
8633,1-22487832,1,22870090,A,C,0.04321,1e-06,4.6e-05,0.002,0
8638,1-22497825,1,22880081,A,G,0.005102,1e-06,0.000136,0.002,0
8677,1-22644931,1,23020984,A,T,0.010929,1e-06,0.000111,0.002,0
8697,1-22686760,1,23062809,T,C,0.055556,1e-06,4.8e-05,0.002,0
8704,1-22697480,1,23073529,T,C,0.013158,1e-06,5.6e-05,0.002,0
8733,1-22790025,1,23165300,A,T,0.014925,1e-06,9.9e-05,0.002,0
8799,1-22913788,1,23296327,T,C,0.017073,1e-06,8.6e-05,0.002,0
8914,1-23228145,1,23613811,A,C,0.012755,1e-06,6e-05,0.002,0
8922,1-23247942,1,23633652,A,C,0.009756,1e-06,6.8e-05,0.002,0
8955,1-23316154,1,23701859,A,C,0.017857,1e-06,4.5e-05,0.001,0
8971,1-23340445,1,23726151,A,G,0.021277,1e-06,4e-05,0.001,0
9063,1-23581875,1,23978666,T,G,0.029221,1e-06,4.4e-05,0.002,0
9104,1-23722727,1,24117781,T,A,0.015306,1e-06,0.000141,0.002,0
9192,1-24031927,1,24398792,A,C,0.014286,1e-06,8.3e-05,0.002,0
9208,1-24058240,1,24425102,T,G,0.029032,1e-06,6.4e-05,0.002,0
9223,1-24129442,1,24494965,T,C,0.021739,1e-06,4e-05,0.002,0
9281,1-24278646,1,24643716,T,C,0.013423,1e-06,6.8e-05,0.002,0
9350,1-24534010,1,24898953,G,T,0.02518,1e-06,6.6e-05,0.002,0
9397,1-24661061,1,24999312,A,G,0.018135,1e-06,6.5e-05,0.002,0
9462,1-24827512,1,25202152,A,T,0.015,1e-06,8.2e-05,0.002,0
9464,1-24844930,1,25219572,T,C,0.016949,1e-06,6.4e-05,0.002,0
9470,1-24895118,1,25270686,T,C,0.007772,1e-06,0.000152,0.002,0
9511,1-24965330,1,25340437,A,G,0.014368,1e-06,0.000112,0.002,0
9534,1-25055172,1,25433673,A,C,0.010695,1e-06,7.7e-05,0.002,0
9560,1-25102887,1,25500067,T,G,0.013587,1e-06,0.000102,0.003,0
9591,1-25149871,1,25546188,G,A,0.007732,1e-06,6.3e-05,0.002,0
9791,1-25783190,1,26080762,T,C,0.009036,1e-06,9.5e-05,0.002,0
9795,1-25788621,1,26086191,T,A,0.012887,1e-06,0.000165,0.002,0
9801,1-25866288,1,26098524,T,G,0.015267,1e-06,8.1e-05,0.002,0
9883,1-25964907,1,26261605,T,C,0.044944,1e-06,5.7e-05,0.002,0
9886,1-25973533,1,26270230,G,C,0.018519,1e-06,5.9e-05,0.002,0
9911,1-26033821,1,26330511,T,C,0.015873,1e-06,7e-05,0.002,0
9912,1-26037204,1,26333894,A,T,0.015625,1e-06,5.4e-05,0.002,0
9913,1-26143493,1,26338619,T,C,0.021858,1e-06,6.4e-05,0.002,0
10013,1-26364967,1,26588033,T,C,0.022857,1e-06,3.6e-05,0.002,0
10015,1-26365001,1,26588067,A,G,0.013812,1e-06,6.4e-05,0.002,0
10038,1-26446677,1,26622360,T,G,0.029801,1e-06,6.2e-05,0.002,0
10101,1-26564554,1,26758890,A,G,0.032178,1e-06,5.9e-05,0.002,0
10103,1-26566500,1,26761001,A,T,0.015152,1e-06,6e-05,0.002,0
10126,1-26621408,1,26815825,T,C,0.013369,1e-06,8.5e-05,0.002,0
10148,1-26695415,1,26897978,A,T,0.012438,1e-06,6.4e-05,0.002,0
10168,1-26880612,1,26945220,C,A,0.015625,1e-06,9.4e-05,0.002,0
10189,1-26840286,1,26987189,A,G,0.015228,1e-06,5.5e-05,0.002,0
10202,1-26795507,1,27017525,A,G,0.106771,1e-06,2.9e-05,0.002,0
10272,1-26985312,1,27178343,A,G,0.013966,1e-06,8.9e-05,0.002,0
10281,1-26962536,1,27201117,T,A,0.026455,1e-06,5.5e-05,0.002,0
10288,1-27057460,1,27242441,T,C,0.009554,1e-06,7.2e-05,0.002,0
10346,1-27242842,1,27379179,T,G,0.035971,1e-06,3.2e-05,0.002,0
10347,1-27242819,1,27379202,T,C,0.012987,1e-06,7.3e-05,0.002,0
10370,1-27300560,1,27496747,A,G,0.010989,1e-06,5.6e-05,0.002,0
10401,1-27433348,1,27626341,C,T,0.006173,1e-06,6.8e-05,0.002,0
10403,1-27450264,1,27643274,T,C,0.018382,1e-06,6.7e-05,0.002,0
10417,1-27487765,1,27681007,A,G,0.014205,1e-06,7e-05,0.002,0
10437,1-27524216,1,27718068,T,A,0.090206,1e-06,3e-05,0.002,0
10463,1-27627620,1,27818160,T,A,0.01269,1e-06,6.3e-05,0.002,0
10469,1-27630896,1,27821436,A,C,0.027778,1e-06,6.2e-05,0.002,0
10518,1-27738738,1,27929279,A,G,0.020588,1e-06,5.4e-05,0.002,0
10519,1-27741772,1,27932313,A,T,0.006944,1e-06,8.9e-05,0.002,0
10536,1-27769145,1,27959686,T,C,0.003401,1e-06,6.9e-05,0.002,0
10564,1-27848385,1,28038906,A,C,0.022876,1e-06,7.6e-05,0.002,0
10637,1-28097097,1,28253097,C,G,0.017413,1e-06,7.4e-05,0.002,0
10741,1-28364560,1,28555806,A,G,0.052632,1e-06,5e-05,0.003,0
10747,1-28405986,1,28597639,T,C,0.015723,1e-06,0.000156,0.002,0
10782,1-28486284,1,28677802,T,C,0.016854,1e-06,0.000112,0.002,0
10784,1-28492439,1,28683957,T,A,0.007246,1e-06,0.000141,0.002,0
10822,1-28555406,1,28747577,A,G,0.022843,1e-06,6.1e-05,0.002,0
10874,1-28717660,1,28910791,A,G,0.078313,1e-06,3.4e-05,0.002,0
10915,1-28808806,1,29011293,A,G,0.025862,1e-06,7.4e-05,0.002,0
10918,1-28825964,1,29029211,A,G,0.019355,1e-06,4.6e-05,0.002,0
10989,1-29019965,1,29222740,A,C,0.02924,1e-06,6.3e-05,0.002,0
11040,1-29153498,1,29407853,A,T,0.005076,1e-06,0.000153,0.002,0
11079,1-29312817,1,29573415,T,C,0.016575,1e-06,5.5e-05,0.002,0
11085,1-29325159,1,29581077,T,C,0.031088,1e-06,4.8e-05,0.002,0
11122,1-29469536,1,29729614,T,G,0.02356,1e-06,4e-05,0.003,0
11128,1-29609614,1,29766427,A,G,0.022293,1e-06,0.00011,0.002,0
11205,1-29783178,1,30084218,T,C,0.013298,1e-06,9.1e-05,0.002,0
11236,1-29861043,1,30162225,T,G,0.022876,1e-06,6.2e-05,0.002,0
11241,1-29904675,1,30176820,T,C,0.029412,1e-06,3.8e-05,0.002,0
11264,1-29938070,1,30216148,A,C,0.00495,1e-06,0.000129,0.002,0
11321,1-30212381,1,30472111,G,T,0.016234,1e-06,8.8e-05,0.002,0
11326,1-30217468,1,30478839,A,G,0.013228,1e-06,9.3e-05,0.002,0
11457,1-30710999,1,31001134,T,C,0.01497,1e-06,7.6e-05,0.002,0
11543,1-31071461,1,31363060,A,C,0.00641,1e-06,8.3e-05,0.002,0
11564,1-31105161,1,31396636,A,G,0.012821,1e-06,9.1e-05,0.002,0
11568,1-31109027,1,31400500,T,C,0.013423,1e-06,7.6e-05,0.002,0
11578,1-31120886,1,31422966,T,A,0.03125,1e-06,6.2e-05,0.002,0
11643,1-31319237,1,31621992,A,G,0.018116,1e-06,3.8e-05,0.002,0
11682,1-31412715,1,31722304,A,G,0.026316,1e-06,3.9e-05,0.002,0
11737,1-31578841,1,31884373,A,G,0.01269,1e-06,6.4e-05,0.002,0
11810,1-31799878,1,32099348,G,A,0.012903,1e-06,5.8e-05,0.002,0
11818,1-31877125,1,32136033,T,C,0.012755,1e-06,8.1e-05,0.002,0
11971,1-32284285,1,32556705,T,C,0.028205,1e-06,5.2e-05,0.002,0
11998,1-32351679,1,32636265,A,G,0.014851,1e-06,5.7e-05,0.002,0
12014,1-32360331,1,32644912,T,C,0.015464,1e-06,5.7e-05,0.002,0
12019,1-32368474,1,32653055,T,C,0.017677,1e-06,6.6e-05,0.002,0
12028,1-32399103,1,32661709,A,C,0.005376,1e-06,0.000108,0.002,0
12092,1-32514697,1,32784374,T,C,0.010695,1e-06,7e-05,0.002,0
12094,1-32516799,1,32786475,T,C,0.007389,1e-06,7.9e-05,0.002,0
12111,1-32545499,1,32817409,T,A,0.017949,1e-06,5.7e-05,0.002,0
12132,1-32625757,1,32913770,T,G,0.007389,1e-06,0.000167,0.002,0
12168,1-32760249,1,33034660,T,G,0.015306,1e-06,9.2e-05,0.002,0
12193,1-32873209,1,33147507,A,T,0.016043,1e-06,0.000112,0.002,0
12199,1-32896337,1,33161154,A,G,0.007353,1e-06,0.000119,0.002,0
12258,1-32999636,1,33305932,G,A,0.021858,1e-06,7.6e-05,0.002,0
12282,1-33050441,1,33356659,C,T,0.01462,1e-06,8.9e-05,0.002,0
12412,1-33514810,1,33835598,T,C,0.014535,1e-06,5.5e-05,0.002,0
12476,1-33748927,1,34056490,G,C,0.023438,1e-06,4.7e-05,0.002,0
12495,1-33774353,1,34081915,A,T,0.005076,1e-06,0.000101,0.002,0
12552,1-33906598,1,34234893,T,C,0.014706,1e-06,0.000104,0.002,0
12589,1-33956373,1,34327154,T,C,0.030612,1e-06,4.7e-05,0.002,0
12592,1-33959905,1,34330686,A,G,0.013699,1e-06,7.1e-05,0.002,0
12611,1-34003245,1,34372848,A,G,0.028986,1e-06,5e-05,0.002,0
12638,1-34121578,1,34446977,A,G,0.005319,1e-06,0.000135,0.002,0
12653,1-34214160,1,34546412,A,G,0.020619,1e-06,4.8e-05,0.002,0
12655,1-34214171,1,34546423,A,G,0.030928,1e-06,5.4e-05,0.002,0
12665,1-34242944,1,34575195,T,G,0.006579,1e-06,0.000196,0.002,0
12669,1-34250015,1,34582266,T,C,0.010256,1e-06,7.5e-05,0.002,0
12678,1-34269084,1,34601335,A,G,0.012376,1e-06,5.9e-05,0.002,0
12690,1-34292144,1,34624365,T,A,0.015789,1e-06,9.1e-05,0.002,0
12691,1-34295057,1,34627278,T,C,0.014778,1e-06,0.000166,0.002,0
12706,1-34404474,1,34704157,A,T,0.012821,1e-06,0.000101,0.002,0
12725,1-34476643,1,34774749,C,A,0.475124,1e-06,4e-05,0.002,0
12728,1-34477531,1,34775637,C,T,0.033557,1e-06,5.5e-05,0.002,0
12797,1-34738079,1,35038343,T,C,0.086093,1e-06,4.6e-05,0.002,0
12799,1-34746296,1,35047201,T,C,0.034722,1e-06,6.4e-05,0.002,0
12803,1-34766738,1,35067917,A,G,0.030303,1e-06,5.2e-05,0.002,0
12825,1-34886659,1,35173889,T,C,0.010563,1e-06,6.3e-05,0.002,0
12921,1-36156964,1,35467299,T,C,0.018717,1e-06,5e-05,0.002,0
13002,1-36035473,1,35656568,A,G,0.017007,1e-06,5.3e-05,0.002,0
13037,1-35940833,1,35768982,T,C,0.014493,1e-06,7.8e-05,0.002,0
13064,1-35845016,1,35864791,A,C,0.013661,1e-06,6.3e-05,0.002,0.001517
13086,1-35789426,1,35920467,A,G,0.015544,1e-06,6.7e-05,0.002,0
13103,1-35751573,1,35957565,A,T,0.017857,1e-06,0.000104,0.002,0
13152,1-35618868,1,36088315,T,C,0.011194,1e-06,8.3e-05,0.002,0
13169,1-35523426,1,36193878,A,G,0.012903,1e-06,0.000152,0.002,0
13205,1-35311359,1,36405372,T,C,0.009901,1e-06,8.2e-05,0.002,0
13206,1-35312435,1,36406447,T,G,0.015228,1e-06,8.9e-05,0.002,0
13208,1-35345972,1,36424832,T,G,0.014706,1e-06,8.5e-05,0.002,0
13325,1-36535024,1,36859656,T,G,0.018325,1e-06,5.5e-05,0.002,0
13416,1-36745424,1,37096406,A,G,0.008523,1e-06,0.000124,0.002,0
13425,1-36752419,1,37103401,C,T,0.007463,1e-06,0.000114,0.002,0
13437,1-36783746,1,37145315,T,C,0.020548,1e-06,4.4e-05,0.002,0
13461,1-36877118,1,37240179,T,C,0.029221,1e-06,6.1e-05,0.002,0
13493,1-36950147,1,37313204,T,C,0.06015,1e-06,3.7e-05,0.002,0
13573,1-37138915,1,37503147,A,C,0.015464,1e-06,6.8e-05,0.002,0
13609,1-37220969,1,37594907,T,G,0.008197,1e-06,7.6e-05,0.002,0
13672,1-37395579,1,37746376,A,G,0.022727,1e-06,6.1e-05,0.002,0
13686,1-37406828,1,37757624,G,A,0.013423,1e-06,9.4e-05,0.002,0
13695,1-37413901,1,37764697,G,A,0.019553,1e-06,6.7e-05,0.002,0
13716,1-37377444,1,37805149,T,C,0.006024,1e-06,9.5e-05,0.002,0
13766,1-37522163,1,37892872,A,C,0.022013,1e-06,7.8e-05,0.002,0
13777,1-37541701,1,37912410,A,G,0.009494,1e-06,0.000104,0.002,0
13892,1-37809868,1,38188528,T,C,0.037129,1e-06,5.4e-05,0.002,0
13900,1-37851229,1,38239118,T,C,0.026042,1e-06,5.9e-05,0.002,0
13905,1-37882116,1,38261604,A,C,0.024064,1e-06,6.6e-05,0.002,0
13977,1-38048530,1,38439827,A,G,0.017073,1e-06,5.6e-05,0.002,0
13978,1-38049131,1,38440428,C,T,0.022959,1e-06,5.9e-05,0.002,0
14072,1-38331695,1,38701164,T,C,0.009434,1e-06,8.3e-05,0.002,0
14153,1-38522164,1,38890398,T,C,0.015038,1e-06,5.1e-05,0.002,0
14154,1-38522259,1,38890493,C,T,0.007772,1e-06,0.000112,0.002,0
14183,1-38638582,1,38994814,A,T,0.011111,1e-06,7.5e-05,0.002,0
14214,1-38680372,1,39036116,A,G,0.023392,1e-06,6.3e-05,0.002,0
14241,1-38722211,1,39083223,G,A,0.011905,1e-06,0.000105,0.002,0
14270,1-38789288,1,39153138,G,A,0.019126,1e-06,5.9e-05,0.002,0
14288,1-38849195,1,39211687,A,G,0.548469,1e-06,4.7e-05,0.002,0
14307,1-38894698,1,39255418,A,G,0.02439,1e-06,6.4e-05,0.002,0
14309,1-38895538,1,39256258,T,C,0.010582,1e-06,0.000105,0.002,0
14319,1-38913194,1,39273911,A,C,0.022876,1e-06,4.2e-05,0.002,0
14361,1-39064703,1,39410737,T,C,0.010363,1e-06,7.7e-05,0.002,0
14521,1-39565467,1,39914702,C,T,0.019417,1e-06,7.4e-05,0.002,0
14529,1-39597756,1,39949492,A,C,0.011429,1e-06,6.2e-05,0.002,0
14566,1-39692811,1,40048547,A,G,0.009756,1e-06,6.1e-05,0.002,0
14605,1-39822975,1,40179705,A,G,0.009091,1e-06,0.000113,0.002,0
14716,1-40128359,1,40493972,G,A,0.026455,1e-06,5.1e-05,0.002,0
14736,1-40195126,1,40563304,T,C,0.039394,1e-06,5.2e-05,0.002,0
14775,1-40402438,1,40763670,G,A,0.03352,1e-06,5.7e-05,0.002,0
14826,1-40552534,1,40922248,T,C,0.006536,1e-06,0.000172,0.002,0
14838,1-40569471,1,40939190,A,G,0.055851,1e-06,6.1e-05,0.002,0
14915,1-40844863,1,41195495,T,C,0.010256,1e-06,8.6e-05,0.003,0
14939,1-40877751,1,41229072,A,G,0.014778,1e-06,9.5e-05,0.002,0
14976,1-40975721,1,41327639,A,T,0.011561,1e-06,6.2e-05,0.002,0
14993,1-41006449,1,41358363,A,G,0.022727,1e-06,9.9e-05,0.002,0
15005,1-41071477,1,41420106,T,C,0.022152,1e-06,5.4e-05,0.002,0
15022,1-41114121,1,41463094,C,T,0.103226,1e-06,3.2e-05,0.002,0
15127,1-41429763,1,41790068,A,G,0.038071,1e-06,5.5e-05,0.002,0
15158,1-41488825,1,41849127,A,G,0.020833,1e-06,7.2e-05,0.002,0
15169,1-41536665,1,41894207,A,G,0.025253,1e-06,4.7e-05,0.002,0
15170,1-41539141,1,41896683,T,G,0.012255,1e-06,7.7e-05,0.002,0
15210,1-41584534,1,41941738,A,G,0.02,1e-06,5.4e-05,0.002,0
15231,1-41598333,1,41964987,T,C,0.014881,1e-06,8.2e-05,0.002,0
15260,1-41789193,1,42076653,A,G,0.007463,1e-06,6.4e-05,0.002,0
15298,1-41879649,1,42105725,A,T,0.02,1e-06,8e-05,0.002,0
15317,1-41842209,1,42143163,C,G,0.029101,1e-06,5.6e-05,0.002,0
15380,1-42060066,1,42326117,T,C,0.026699,1e-06,4.6e-05,0.002,0
15424,1-42194728,1,42463142,A,G,0.015228,1e-06,6.1e-05,0.002,0
15440,1-42235691,1,42506435,T,C,0.029586,1e-06,8.1e-05,0.002,0
15557,1-42407578,1,42672550,T,C,0.015228,1e-06,7.1e-05,0.002,0
15581,1-42503525,1,42769393,T,A,0.019663,1e-06,5.6e-05,0.002,0
15651,1-42741701,1,42966098,T,C,0.012887,1e-06,9.5e-05,0.002,0
15700,1-42856258,1,43087842,T,C,0.009804,1e-06,9.5e-05,0.002,0
15734,1-43050456,1,43273228,A,G,0.006757,1e-06,8.8e-05,0.002,0
15755,1-43051042,1,43273814,G,A,0.077206,1e-06,3.4e-05,0.002,0
15786,1-43094435,1,43317205,T,C,0.016216,1e-06,5e-05,0.002,0
15789,1-43108516,1,43326637,T,G,0.011429,1e-06,0.000112,0.002,0
15796,1-43131450,1,43349571,T,C,0.151235,1e-06,3.7e-05,0.002,0
15800,1-43140573,1,43358695,G,A,0.010152,1e-06,9.2e-05,0.002,0
15857,1-43287346,1,43491589,A,G,0.024752,1e-06,5.3e-05,0.002,0
15858,1-43287616,1,43491859,T,C,0.032178,1e-06,5e-05,0.003,0
15864,1-43291058,1,43495299,T,C,0.009804,1e-06,0.000122,0.002,0
15875,1-43306202,1,43510442,T,A,0.010753,1e-06,5.3e-05,0.002,0
15888,1-43367611,1,43585921,T,C,0.019841,1e-06,3.5e-05,0.002,0
16059,1-43719902,1,43971355,T,C,0.028409,1e-06,6.6e-05,0.002,0
16062,1-43811698,1,43976912,A,G,0.017413,1e-06,6.6e-05,0.002,0
16067,1-43821326,1,43986527,A,G,0.009709,1e-06,9.8e-05,0.002,0
16103,1-43858053,1,44049693,A,G,0.017751,1e-06,7.8e-05,0.002,0
16109,1-43862137,1,44053777,G,A,0.013089,1e-06,7.2e-05,0.002,0
16150,1-43986172,1,44179279,A,G,0.009677,1e-06,7.5e-05,0.002,0
16151,1-43991728,1,44184835,A,G,0.046798,1e-06,5e-05,0.002,0
16263,1-44391348,1,44573712,A,G,0.005988,1e-06,0.000132,0.002,0
16294,1-44495395,1,44680526,A,C,0.015,1e-06,6.5e-05,0.002,0
16307,1-44535364,1,44720711,A,G,0.010811,1e-06,5.4e-05,0.002,0
16426,1-44936675,1,45135512,A,G,0.01875,1e-06,5.5e-05,0.002,0
16442,1-45043026,1,45211890,C,T,0.013158,1e-06,6.9e-05,0.002,0
16454,1-45110077,1,45277418,C,T,0.010152,1e-06,9.1e-05,0.002,0
16460,1-45118737,1,45286078,G,C,0.474093,1e-06,3.1e-05,0.002,0
16477,1-45172358,1,45319718,A,T,0.040123,1e-06,4.5e-05,0.002,0
16492,1-45220763,1,45368464,A,G,0.013966,1e-06,5.7e-05,0.002,0
16566,1-45315158,1,45485804,G,T,0.011494,1e-06,7.8e-05,0.002,0
16580,1-45366572,1,45533149,A,G,0.032609,1e-06,5.4e-05,0.002,0
16614,1-45410736,1,45578039,T,C,0.005,1e-06,9.2e-05,0.002,0
16618,1-45413420,1,45580723,A,G,0.475309,1e-06,2.5e-05,0.002,0
16651,1-45509409,1,45717944,A,C,0.005917,1e-06,9.3e-05,0.002,0
16672,1-45567113,1,45798562,T,C,0.007979,1e-06,8.9e-05,0.002,0
16714,1-45687973,1,45913221,A,G,0.032338,1e-06,4.4e-05,0.002,0
16728,1-45718495,1,45963821,A,G,0.025,1e-06,3.6e-05,0.002,0
16844,1-46003935,1,46285911,A,G,0.085492,1e-06,4.7e-05,0.002,0
16959,1-46427141,1,46683834,G,A,0.008333,1e-06,8e-05,0.002,0
16994,1-46538384,1,46810432,A,C,0.0125,1e-06,7.3e-05,0.002,0
17044,1-46681416,1,46953207,T,G,0.016234,1e-06,7.6e-05,0.002,0
17049,1-46687832,1,46959619,C,A,0.015625,1e-06,5.5e-05,0.002,0
17109,1-46909281,1,47193904,A,G,0.004132,1e-06,0.000139,0.002,0
17121,1-46936568,1,47219337,T,C,0.010204,1e-06,8.4e-05,0.002,0
17164,1-47082819,1,47346477,A,T,0.072674,1e-06,4e-05,0.002,0
17170,1-47101018,1,47364559,T,C,0.018248,1e-06,0.000104,0.002,0
17262,1-47376673,1,47641107,T,C,0.019231,1e-06,6e-05,0.002,0
17300,1-47521105,1,47799736,T,A,0.013021,1e-06,8.2e-05,0.002,0
17338,1-47632603,1,47911865,T,G,0.008982,1e-06,8.3e-05,0.002,0
17366,1-47701076,1,47979851,T,C,0.012376,1e-06,7.2e-05,0.002,0
17374,1-47744944,1,48054753,A,G,0.025773,1e-06,8.1e-05,0.002,0
17387,1-47809547,1,48122791,G,A,0.021605,1e-06,4.9e-05,0.002,0
17394,1-47835625,1,48148251,T,C,0.026471,1e-06,8.5e-05,0.002,0
17465,1-48049714,1,48378080,T,C,0.013699,1e-06,7.2e-05,0.002,0
17467,1-48050087,1,48378453,T,G,0.014286,1e-06,7.1e-05,0.002,0
17468,1-48050896,1,48379262,T,A,0.013966,1e-06,4.7e-05,0.002,0
17476,1-48062510,1,48390873,A,G,0.019737,1e-06,6e-05,0.002,0
17478,1-48067642,1,48395819,A,G,0.022099,1e-06,4.3e-05,0.002,0
17528,1-48217068,1,48635891,C,T,0.465,1e-06,3.1e-05,0.002,0
17543,1-48259676,1,48691062,A,G,0.016043,1e-06,6.2e-05,0.002,0
17576,1-48396021,1,48819768,T,G,0.022152,1e-06,8.7e-05,0.002,0
17599,1-48430907,1,48868902,A,G,0.015306,1e-06,6.2e-05,0.002,0
17623,1-48519559,1,48926352,A,G,0.01227,1e-06,0.000106,0.002,0
17633,1-48571184,1,48978212,T,A,0.047337,1e-06,6e-05,0.002,0
17648,1-48660188,1,49066656,C,A,0.007463,1e-06,9.7e-05,0.002,0
17676,1-48750052,1,49166507,T,C,0.019355,1e-06,8.5e-05,0.002,0
17736,1-48946944,1,49352982,T,C,0.039855,1e-06,6.4e-05,0.002,0
17799,1-49122805,1,49530839,T,A,0.076471,1e-06,4.7e-05,0.002,0
17863,1-49340422,1,49754554,A,G,0.075269,1e-06,4.3e-05,0.002,0
17908,1-49458083,1,49868439,T,A,0.02381,1e-06,5.2e-05,0.002,0
17937,1-49514517,1,49924053,A,T,0.025381,1e-06,7.7e-05,0.002,0
17938,1-49518436,1,49927967,A,G,0.0175,1e-06,5.3e-05,0.002,0
17939,1-49520473,1,49930003,T,C,0.017341,1e-06,5.3e-05,0.002,0
17942,1-49526071,1,49935600,T,C,0.038043,1e-06,4.7e-05,0.002,0
17950,1-49535927,1,49945453,G,A,0.010204,1e-06,8.7e-05,0.002,0
17989,1-49699532,1,50119945,T,G,0.03022,1e-06,5.1e-05,0.002,0
18021,1-49820135,1,50239486,T,C,0.033149,1e-06,5.5e-05,0.002,0
18066,1-49975921,1,50396313,T,G,0.01105,1e-06,0.000115,0.002,0
18089,1-50035155,1,50455651,A,G,0.034483,1e-06,4.7e-05,0.002,0
18103,1-50072148,1,50492573,T,C,0.017857,1e-06,6.2e-05,0.002,0
18111,1-50076920,1,50497345,C,T,0.013369,1e-06,6.5e-05,0.002,0
18224,1-50333540,1,50782429,G,A,0.036842,1e-06,6.3e-05,0.002,0
18276,1-50462634,1,50908056,T,C,0.010753,1e-06,9.9e-05,0.002,0
18294,1-50510745,1,50958615,T,G,0.021739,1e-06,0.000109,0.002,0
18322,1-50632058,1,51082720,A,G,0.015823,1e-06,7.5e-05,0.002,0
18434,1-50979144,1,51429260,G,A,0.011111,1e-06,7.1e-05,0.002,0
18437,1-50994090,1,51444209,T,C,0.016129,1e-06,8.7e-05,0.002,0
18469,1-51136054,1,51563608,A,G,0.014045,1e-06,6e-05,0.002,0
18548,1-51391102,1,51835205,C,T,0.015464,1e-06,4.8e-05,0.002,0
18564,1-51450768,1,51897318,A,G,0.007463,1e-06,0.000136,0.002,0
18595,1-51567320,1,52012969,C,A,0.008475,1e-06,0.000102,0.002,0
18597,1-51568946,1,52014595,A,G,0.025381,1e-06,5.8e-05,0.002,0
18675,1-51865297,1,52283332,T,C,0.014706,1e-06,6.3e-05,0.002,0
18684,1-51907739,1,52325261,A,G,0.050898,1e-06,4.1e-05,0.003,0
18749,1-52112524,1,52540186,T,C,0.005556,1e-06,9.5e-05,0.002,0
18807,1-52220454,1,52674214,A,C,0.01087,1e-06,5.7e-05,0.002,0
18864,1-52320217,1,52778786,A,G,0.011494,1e-06,6.5e-05,0.002,0
18867,1-52324835,1,52783402,T,G,0.015075,1e-06,5.5e-05,0.002,0
18917,1-52931371,1,53018345,C,T,0.010582,1e-06,0.000135,0.002,0
18944,1-52888082,1,53065000,A,G,0.060976,1e-06,3.6e-05,0.002,0
18948,1-52856587,1,53086392,T,C,0.012563,1e-06,6.6e-05,0.002,0
18968,1-52776404,1,53173811,T,A,0.008197,1e-06,0.000119,0.002,0
18999,1-52665941,1,53258200,G,A,0.004831,1e-06,7.5e-05,0.002,0
19030,1-52538366,1,53394285,T,G,0.027228,1e-06,7e-05,0.002,0
19038,1-52522425,1,53410383,C,T,0.02,1e-06,5.5e-05,0.002,0
19097,1-52372458,1,53553663,T,C,0.01506,1e-06,0.00012,0.002,0
19099,1-52367548,1,53558573,G,C,0.01626,1e-06,0.00015,0.002,0
19147,1-53115531,1,53716074,T,G,0.007895,1e-06,6.2e-05,0.002,0
19169,1-53227768,1,53843883,T,C,0.013699,1e-06,9.9e-05,0.002,0
19186,1-53300288,1,53915545,T,A,0.014045,1e-06,6.7e-05,0.002,0
19188,1-53311564,1,53926821,T,C,0.015306,1e-06,5.9e-05,0.002,0
19205,1-53398233,1,54013301,A,G,0.05,1e-06,4.4e-05,0.002,0
19231,1-53431436,1,54046501,T,C,0.008427,1e-06,6.2e-05,0.002,0
19234,1-53457263,1,54081218,A,G,0.028169,1e-06,6.6e-05,0.003,0
19235,1-53461082,1,54085037,A,G,0.01,1e-06,9.1e-05,0.002,0
19261,1-53497730,1,54121159,C,T,0.011905,1e-06,4.9e-05,0.002,0
19272,1-53527949,1,54152003,T,C,0.015723,1e-06,5.1e-05,0.001,0
19369,1-53716693,1,54352402,T,A,0.009036,1e-06,0.000214,0.002,0
19388,1-53753273,1,54379888,T,C,0.023936,1e-06,5.6e-05,0.002,0
19393,1-53749741,1,54388947,T,A,0.014881,1e-06,6e-05,0.002,0
19425,1-53833329,1,54465352,G,T,0.013441,1e-06,9.6e-05,0.002,0
19503,1-54020319,1,54653193,C,T,0.02349,1e-06,4.9e-05,0.002,0
19533,1-54089388,1,54722257,T,C,0.013661,1e-06,8.6e-05,0.002,0
19586,1-54228080,1,54866865,T,C,0.01875,1e-06,8.2e-05,0.002,0
19604,1-54268767,1,54938076,A,G,0.008242,1e-06,7.4e-05,0.002,0
19681,1-54495408,1,55140437,T,C,0.013793,1e-06,8e-05,0.002,0
19744,1-54640203,1,55281084,A,T,0.016949,1e-06,5.6e-05,0.002,0
19747,1-54641477,1,55282356,C,T,0.018657,1e-06,4.5e-05,0.002,0
19780,1-54750297,1,55390598,A,G,0.027778,1e-06,6.9e-05,0.002,0
19835,1-54855261,1,55487665,A,C,0.010363,1e-06,0.000101,0.002,0
19859,1-54906400,1,55538804,A,G,0.037594,1e-06,5.2e-05,0.002,0
20004,1-55330300,1,55972358,C,T,0.036842,1e-06,4.2e-05,0.002,0
20091,1-55531850,1,56178307,A,T,0.012821,1e-06,9.3e-05,0.002,0
20102,1-55555130,1,56199016,T,C,0.012821,1e-06,5.1e-05,0.003,0
20145,1-55671774,1,56314818,A,G,0.030726,1e-06,4.5e-05,0.002,0
20160,1-55711885,1,56354986,A,G,0.020833,1e-06,9.5e-05,0.002,0
20176,1-55738434,1,56381611,C,T,0.013158,1e-06,7.3e-05,0.002,0
20184,1-55773435,1,56415864,A,T,0.021739,1e-06,8.1e-05,0.002,0
20245,1-55931948,1,56576552,T,C,0.005291,1e-06,1e-04,0.002,0
20410,1-56292755,1,56983170,T,A,0.012315,1e-06,7.4e-05,0.002,0
20415,1-56302287,1,56992929,T,C,0.026042,1e-06,5.5e-05,0.002,0
20458,1-56380987,1,57059272,A,G,0.013021,1e-06,0.000114,0.002,0
20463,1-56376757,1,57063502,T,C,0.037838,1e-06,0.000101,0.002,0
20504,1-56450183,1,57140812,A,C,0.006289,1e-06,9.5e-05,0.002,0
20570,1-56533815,1,57223795,A,G,0.021898,1e-06,5.4e-05,0.002,0
20600,1-56588542,1,57279158,G,T,0.015544,1e-06,7.5e-05,0.002,0
20655,1-56841521,1,57541565,T,G,0.015625,1e-06,4.9e-05,0.002,0
20672,1-56902569,1,57602596,T,G,0.003289,1e-06,5.3e-05,0.002,0
20685,2-78797230,1,57632655,A,G,0.035714,1e-06,4.6e-05,0.002,0
20703,1-56968038,1,57679559,A,C,0.074468,1e-06,4.4e-05,0.002,0
20710,1-56983900,1,57695419,C,T,0.012315,1e-06,5.7e-05,0.002,0
20713,1-56998293,1,57709813,A,T,0.031847,1e-06,3.4e-05,0.002,0
20741,1-57062173,1,57773193,T,G,0.013587,1e-06,7.6e-05,0.002,0
20786,1-57136733,1,57860175,T,C,0.017766,1e-06,6.1e-05,0.002,0
20905,1-57504447,1,58221049,T,C,0.01105,1e-06,6.2e-05,0.002,0
20950,1-57752494,1,58447909,A,G,0.017857,1e-06,6.8e-05,0.002,0
20979,1-57829009,1,58526073,C,T,0.011834,1e-06,8.7e-05,0.002,0
20981,1-57839308,1,58536372,C,A,0.013298,1e-06,8.4e-05,0.002,0
21032,1-57996007,1,58692792,T,C,0.031609,1e-06,3.8e-05,0.002,0
21038,1-58023557,1,58716622,A,G,0.039409,1e-06,4.1e-05,0.002,0
21050,1-58069831,1,58761861,A,T,0.029851,1e-06,6.3e-05,0.002,0
21090,1-58167182,1,58859499,T,A,0.025907,1e-06,4.9e-05,0.002,0
21119,1-58343507,1,59002189,G,A,0.015152,1e-06,9e-05,0.002,0
21136,1-58389268,1,59038371,T,C,0.018817,1e-06,6.7e-05,0.002,0
21139,1-58391001,1,59040104,A,G,0.008333,1e-06,8.8e-05,0.002,0
21157,1-58441147,1,59099257,T,G,0.011299,1e-06,6.4e-05,0.002,0
21167,1-58461246,1,59119355,T,C,0.020202,1e-06,0.000104,0.002,0
21175,1-58477154,1,59135261,T,G,0.017544,1e-06,6.9e-05,0.002,0
21189,1-58514375,1,59172478,T,C,0.027174,1e-06,6.6e-05,0.002,0
21229,1-58622338,1,59315531,A,G,0.058989,1e-06,4.9e-05,0.002,0
21239,1-58653817,1,59347002,T,C,0.010067,1e-06,8.3e-05,0.002,0
21265,1-58697085,1,59395425,C,T,0.008264,1e-06,0.00011,0.002,0
21286,1-58787713,1,59483388,G,A,0.004975,1e-06,0.000125,0.002,0
21300,1-58807007,1,59502680,A,G,0.023684,1e-06,4.9e-05,0.002,0
21318,1-58831771,1,59527441,A,C,0.01269,1e-06,8.6e-05,0.002,0
21326,1-58850955,1,59537070,A,G,0.012315,1e-06,9.4e-05,0.002,0
21328,1-58851316,1,59537431,T,C,0.009804,1e-06,9.7e-05,0.002,0
21349,1-58881516,1,59578128,T,C,0.017413,1e-06,5.4e-05,0.002,0
21365,1-58949386,1,59645995,T,C,0.013587,1e-06,9.2e-05,0.002,0
21371,1-58963663,1,59660272,A,G,0.009756,1e-06,0.00012,0.002,0
21388,1-58986519,1,59683127,A,G,0.015228,1e-06,5.7e-05,0.002,0
21416,1-59070775,1,59767597,A,G,0.005,1e-06,7.6e-05,0.002,0
21529,1-59467489,1,60185907,A,C,0.016129,1e-06,4.4e-05,0.002,0
21553,1-59514241,1,60232551,G,A,0.017045,1e-06,7.9e-05,0.002,0
21568,1-59610996,1,60280799,T,C,0.015625,1e-06,7.3e-05,0.001,0
21610,1-59731517,1,60479889,A,T,0.050505,1e-06,4e-05,0.002,0
21617,1-59761306,1,60525111,C,T,0.019868,1e-06,5.7e-05,0.002,0
21823,1-60419165,1,61169055,A,G,0.021875,1e-06,4.2e-05,0.002,0
21867,1-60770113,1,61408199,C,T,0.045455,1e-06,4.5e-05,0.002,0
21877,1-60649025,1,61440570,A,G,0.058282,1e-06,4.3e-05,0.002,0
21890,1-60664870,1,61456414,C,T,0.0275,1e-06,6.9e-05,0.002,0
21919,1-60724047,1,61513779,A,T,0.021739,1e-06,0.000115,0.002,0
21964,1-60818798,1,61649645,T,A,0.027322,1e-06,6.3e-05,0.002,0
21968,1-60829776,1,61660630,A,G,0.026163,1e-06,1e-04,0.002,0
21998,1-61014342,1,61776654,A,C,0.012987,1e-06,6.3e-05,0.002,0
22001,1-61020258,1,61782570,C,G,0.025253,1e-06,5.9e-05,0.002,0
22027,1-61095834,1,61854560,T,C,0.035256,1e-06,4.5e-05,0.002,0
22037,1-61130047,1,61889117,A,G,0.050781,1e-06,3.6e-05,0.002,0
22101,1-61359808,1,62136939,C,G,0.01676,1e-06,5.2e-05,0.002,0
22218,1-61689881,1,62482672,A,G,0.010929,1e-06,0.000105,0.002,0
22296,1-61951332,1,62747035,G,A,0.007979,1e-06,8.8e-05,0.002,0
22311,1-61978826,1,62774395,T,C,0.053763,1e-06,5.4e-05,0.002,0
22347,1-62044820,1,62840522,A,G,0.031429,1e-06,4.9e-05,0.002,0
22392,1-62169313,1,62963408,G,A,0.020101,1e-06,6.7e-05,0.002,0
22426,1-62223731,1,63017883,A,C,0.041436,1e-06,4.4e-05,0.002,0
22525,1-62670170,1,63471020,G,A,0.018817,1e-06,5.3e-05,0.002,0
22546,1-62749324,1,63504912,A,G,0.036145,1e-06,5.8e-05,0.002,0
22547,1-62749383,1,63504971,T,C,0.015152,1e-06,7e-05,0.002,0
22557,1-62784280,1,63539864,G,T,0.021341,1e-06,6.4e-05,0.002,0
22605,1-62891977,1,63709608,A,C,0.008242,1e-06,8.1e-05,0.002,0
22634,1-63001148,1,63823962,G,C,0.030928,1e-06,7.1e-05,0.002,0
22724,1-63210548,1,64041759,T,C,0.007634,1e-06,8.4e-05,0.002,0
22744,1-63279119,1,64146954,G,A,0.01005,1e-06,5.3e-05,0.002,0
22771,1-63368551,1,64220165,A,G,0.019084,1e-06,5.1e-05,0.002,0
22841,1-63593555,1,64454876,T,C,0.013228,1e-06,7.6e-05,0.002,0
22870,1-63670809,1,64538763,C,T,0.019337,1e-06,4.2e-05,0.002,0
22950,1-63927384,1,64761126,A,G,0.022388,1e-06,6e-05,0.002,0
22989,1-64078831,1,64910086,T,A,0.024242,1e-06,8.4e-05,0.002,0
22991,1-64081986,1,64913240,C,T,0.013793,1e-06,4.6e-05,0.002,0
23114,1-64399539,1,65312500,C,A,0.010417,1e-06,0.000101,0.002,0
23154,1-64556763,1,65449477,C,T,0.012658,1e-06,6.3e-05,0.003,0
23190,1-64668457,1,65561170,C,T,0.005435,1e-06,7.8e-05,0.002,0
23212,1-64717655,1,65610851,T,G,0.016393,1e-06,4.5e-05,0.002,0
23221,1-64726890,1,65620086,T,A,0.015723,1e-06,0.000114,0.002,0
23242,1-64774684,1,65668285,G,C,0.00578,1e-06,6.1e-05,0.002,0
23249,1-64783602,1,65677201,A,C,0.01105,1e-06,0.00012,0.002,0
23302,1-64875077,1,65765671,T,G,0.013812,1e-06,6.2e-05,0.002,0
23309,1-64897555,1,65788149,A,C,0.023316,1e-06,3.8e-05,0.002,0
23313,1-64904502,1,65795569,T,C,0.031088,1e-06,4.4e-05,0.002,0
23324,1-64926783,1,65817850,T,C,0.022727,1e-06,6.1e-05,0.002,0
23360,1-65050000,1,65949038,C,T,0.0225,1e-06,7.3e-05,0.002,0
23415,1-65234814,1,66129474,T,A,0.010309,1e-06,6.2e-05,0.002,0
23416,1-65235129,1,66129789,T,C,0.017677,1e-06,8.9e-05,0.002,0
23472,1-65412866,1,66308427,T,C,0.00266,1e-06,8.6e-05,0.002,0
23512,1-65501295,1,66399607,T,C,0.013605,1e-06,6.4e-05,0.002,0
23528,1-65520957,1,66427690,A,C,0.008824,1e-06,8.6e-05,0.002,0
23538,1-65536170,1,66443852,A,G,0.067073,1e-06,4.8e-05,0.002,0
23577,1-65648724,1,66555720,T,C,0.009146,1e-06,0.000136,0.002,0
23586,1-65686699,1,66593695,A,C,0.007979,1e-06,0.000108,0.002,0
23595,1-65713374,1,66619211,A,G,0.015924,1e-06,6.3e-05,0.002,0
23616,1-65629698,1,66657587,C,T,0.015075,1e-06,7.1e-05,0.002,0
23622,1-65636060,1,66663942,A,G,0.025,1e-06,5e-05,0.002,0
23646,1-66856176,1,66775081,T,C,0.014368,1e-06,7.9e-05,0.002,0
23668,1-66850781,1,66780476,T,C,0.040984,1e-06,4e-05,0.002,0
23685,1-66813112,1,66814971,T,C,0.010695,1e-06,6.8e-05,0.002,0
23753,1-66561052,1,67064406,T,C,0.025773,1e-06,5.3e-05,0.002,0
23770,1-66524455,1,67100994,T,A,0.010929,1e-06,5.5e-05,0.002,0
23792,1-66431036,1,67193748,C,A,0.012563,1e-06,9.3e-05,0.002,0
23793,1-66429841,1,67194943,A,G,0.012195,1e-06,0.000135,0.002,0
23878,1-66158157,1,67467421,A,G,0.016575,1e-06,7e-05,0.002,0
23893,1-66126107,1,67499458,G,A,0.028205,1e-06,4.4e-05,0.002,0
23903,1-66085779,1,67531444,A,C,0.022013,1e-06,8.5e-05,0.002,0
23918,1-66048555,1,67579239,A,G,0.018717,1e-06,6.1e-05,0.002,0
23934,1-66006738,1,67630823,A,G,0.007042,1e-06,0.000159,0.002,0
23972,1-65914294,1,67710511,A,G,0.021277,1e-06,5.2e-05,0.002,0
23998,1-65825293,1,67792077,T,C,0.015625,1e-06,7.7e-05,0.002,0
24000,1-65825703,1,67792487,T,C,0.005714,1e-06,0.000105,0.002,0
24015,1-65839398,1,67815106,T,C,0.014388,1e-06,5.8e-05,0.002,0
24049,1-67571134,1,68059753,A,C,0.017143,1e-06,8.3e-05,0.002,0
24058,1-67577798,1,68066417,T,C,0.012097,1e-06,0.000121,0.002,0
24061,1-67578323,1,68066942,T,C,0.016129,1e-06,7e-05,0.002,0
24081,1-67592898,1,68072110,A,G,0.014493,1e-06,0.000102,0.002,0
24087,1-67585489,1,68079519,T,C,0.013889,1e-06,5.8e-05,0.002,0
24112,1-67544086,1,68140418,A,G,0.040984,1e-06,4.4e-05,0.002,0
24124,1-67487502,1,68173695,A,G,0.025362,1e-06,6.6e-05,0.003,0
24170,1-67398990,1,68265747,C,T,0.011538,1e-06,7.1e-05,0.002,0
24173,1-67393029,1,68271706,T,C,0.027933,1e-06,6.4e-05,0.002,0
24222,1-67328277,1,68336555,A,G,0.033582,1e-06,6.2e-05,0.002,0
24291,1-67124422,1,68483063,G,A,0.028455,1e-06,4.7e-05,0.002,0
24388,1-66931361,1,68716861,A,C,0.015464,1e-06,7.3e-05,0.002,0
24420,1-67659416,1,68812673,A,C,0.033557,1e-06,5.1e-05,0.002,0
24425,1-67693527,1,68846746,C,T,0.02381,1e-06,7.6e-05,0.002,0
24428,1-67711490,1,68864824,A,G,0.012739,1e-06,7.4e-05,0.002,0
24430,1-67728501,1,68881832,G,T,0.079618,1e-06,4.1e-05,0.002,0
24556,1-68122349,1,69302876,T,A,0.01,1e-06,6.6e-05,0.002,0
24658,1-68527649,1,69708495,T,G,0.015873,1e-06,9.8e-05,0.002,0
24679,1-68571831,1,69752671,G,A,0.024725,1e-06,5.7e-05,0.002,0
24704,1-68656565,1,69832888,T,C,0.008108,1e-06,9.2e-05,0.002,0
24711,1-68666667,1,69843155,A,G,0.017241,1e-06,0.000102,0.002,0
24795,1-68841946,1,70021394,T,C,0.012755,1e-06,6e-05,0.002,0
24813,1-68878637,1,70058077,A,C,0.010753,1e-06,0.000102,0.002,0
24829,1-68920084,1,70101919,G,A,0.025773,1e-06,5.1e-05,0.002,0
24875,1-69064149,1,70247311,G,A,0.018868,1e-06,6.5e-05,0.002,0
24894,1-69103679,1,70305854,T,G,0.009868,1e-06,9.8e-05,0.002,0
24917,1-69145838,1,70348175,G,A,0.012563,1e-06,6.2e-05,0.002,0
24921,1-69150327,1,70352664,T,A,0.011111,1e-06,0.000139,0.002,0
24924,1-69156625,1,70358930,T,C,0.014925,1e-06,0.000114,0.002,0
24933,1-69162852,1,70365157,A,G,0.020833,1e-06,4.4e-05,0.002,0
24943,1-69177567,1,70379872,T,C,0.020725,1e-06,5.6e-05,0.002,0
24983,1-69241894,1,70462088,T,G,0.026596,1e-06,5.1e-05,0.002,0
25005,1-69307487,1,70513443,T,C,0.021084,1e-06,8e-05,0.002,0
25048,1-69370861,1,70577865,T,C,0.079365,1e-06,5.6e-05,0.002,0
25078,1-69430429,1,70641749,A,G,0.012658,1e-06,6.2e-05,0.002,0
25083,1-69441725,1,70653045,T,C,0.025381,1e-06,4.9e-05,0.002,0
25090,1-69465101,1,70676494,A,G,0.02,1e-06,7.8e-05,0.002,0
25108,1-69486397,1,70697786,C,T,0.009317,1e-06,0.000106,0.002,0
25164,1-69581767,1,70851102,T,C,0.022727,1e-06,7e-05,0.002,0
25170,1-69603531,1,70873469,G,A,0.026042,1e-06,8.4e-05,0.002,0
25224,1-69788942,1,71054698,T,C,0.012579,1e-06,0.000128,0.002,0
25243,1-69846204,1,71112732,T,G,0.011236,1e-06,5.1e-05,0.002,0
25312,1-70077172,1,71336758,T,C,0.005376,1e-06,0.000113,0.002,0
25331,1-70105757,1,71369338,T,C,0.017647,1e-06,5.2e-05,0.002,0
25475,1-70416903,1,71647381,T,C,0.010204,1e-06,8.7e-05,0.002,0
25559,1-70626140,1,71874612,T,C,0.017857,1e-06,4.8e-05,0.002,0
25605,1-70729541,1,71982037,G,C,0.022843,1e-06,6.7e-05,0.002,0
25612,1-70738872,1,71991601,T,C,0.020305,1e-06,4.4e-05,0.002,0
25620,1-70749066,1,72001935,T,C,0.014881,1e-06,9.3e-05,0.002,0
25664,1-70882517,1,72139190,A,G,0.011236,1e-06,6e-05,0.002,0
25722,1-70952893,1,72215967,T,C,0.040936,1e-06,4.1e-05,0.002,0
25725,1-70956882,1,72219956,T,C,0.020161,1e-06,6.8e-05,0.002,0
25737,1-70965116,1,72228190,A,C,0.015306,1e-06,7.4e-05,0.002,0
25817,1-71188388,1,72457901,T,C,0.013812,1e-06,5.7e-05,0.002,0
25839,1-71218957,1,72488405,T,C,0.012048,1e-06,7.6e-05,0.002,0
25871,1-71302092,1,72567775,A,G,0.081006,1e-06,3.7e-05,0.002,0
25896,1-71361775,1,72619880,A,C,0.015075,1e-06,5.8e-05,0.002,0
25905,1-71387896,1,72646321,A,G,0.012953,1e-06,9.3e-05,0.002,0
25934,1-71460550,1,72726653,T,C,0.015544,1e-06,6.6e-05,0.002,0
25960,1-71427530,1,72759382,A,T,0.007732,1e-06,0.000139,0.002,0
25968,1-71504497,1,72782911,A,T,0.016043,1e-06,7.7e-05,0.002,0
26003,1-71577683,1,72866019,T,C,0.016575,1e-06,8e-05,0.002,0
26080,1-71795036,1,73071911,C,G,0.034682,1e-06,6e-05,0.002,0
26149,1-71870815,1,73143670,G,A,0.021277,1e-06,3.6e-05,0.002,0
26151,1-71874009,1,73146864,T,G,0.011278,1e-06,0.000101,0.002,0
26165,1-71950338,1,73197421,A,G,0.025714,1e-06,4.6e-05,0.002,0
26231,1-71970710,1,73316950,T,A,0.034247,1e-06,4e-05,0.002,0
26241,1-71997193,1,73341507,G,A,0.017964,1e-06,5.9e-05,0.002,0
26273,1-72051930,1,73402753,T,C,0.008475,1e-06,6.9e-05,0.002,0
26274,1-72053299,1,73404196,A,C,0.009146,1e-06,5e-05,0.002,0
26290,1-72114176,1,73447389,T,C,0.01227,1e-06,5.8e-05,0.002,0
26346,1-72243316,1,73576473,A,C,0.017413,1e-06,8.8e-05,0.002,0
26365,1-72278015,1,73611834,A,G,0.07622,1e-06,3.2e-05,0.002,0
26488,1-72634979,1,73981522,T,C,0.011696,1e-06,8.1e-05,0.002,0
26509,1-72673155,1,74019696,A,G,0.078767,1e-06,4.1e-05,0.002,0
26523,1-72760166,1,74075113,T,G,0.02069,1e-06,5e-05,0.002,0
26608,1-72945978,1,74315301,T,C,0.008065,1e-06,6.1e-05,0.002,0
26628,1-72992336,1,74369789,T,C,0.013514,1e-06,7.9e-05,0.002,0
26629,1-72993146,1,74370599,A,G,0.01875,1e-06,5.4e-05,0.002,0
26703,1-73272474,1,74671600,A,G,0.007538,1e-06,9.3e-05,0.002,0
26713,1-73291393,1,74690512,A,G,0.009901,1e-06,7.5e-05,0.002,0
26715,1-73296280,1,74695399,G,C,0.012953,1e-06,0.000114,0.002,0
26724,1-73307062,1,74707160,A,C,0.026455,1e-06,4.9e-05,0.002,0
26744,1-73346305,1,74746502,T,C,0.010417,1e-06,7.4e-05,0.002,0
26863,1-73669231,1,75068201,A,G,0.010363,1e-06,0.000158,0.002,0
26890,1-73711268,1,75111942,T,G,0.015,1e-06,5.4e-05,0.002,0
26967,1-73827615,1,75227110,G,A,0.014881,1e-06,8.2e-05,0.002,0
26991,1-73884402,1,75285347,A,G,0.002747,1e-06,0.000115,0.002,0
27038,1-74045644,1,75415255,T,G,0.010067,1e-06,6.1e-05,0.002,0
27059,1-74077781,1,75490321,T,C,0.008523,1e-06,0.000106,0.002,0
27081,1-74103864,1,75516502,T,A,0.01105,1e-06,7e-05,0.002,0
27107,1-74159563,1,75585584,C,G,0.029255,1e-06,6.1e-05,0.002,0
27158,1-74297452,1,75722060,A,G,0.053125,1e-06,5.7e-05,0.002,0
27203,1-74384639,1,75829464,G,A,0.030201,1e-06,4.5e-05,0.002,0
27236,1-74502750,1,75908578,T,C,0.01676,1e-06,6.2e-05,0.002,0
27241,1-74506740,1,75912568,T,C,0.011429,1e-06,8.7e-05,0.002,0
27256,1-74579909,1,75985042,A,G,0.020833,1e-06,6.1e-05,0.002,0
27264,1-74604362,1,76043688,A,G,0.020231,1e-06,6.6e-05,0.002,0
27277,1-74626821,1,76064661,A,G,0.023684,1e-06,6e-05,0.002,0
27280,1-74635214,1,76073974,G,C,0.010256,1e-06,0.000109,0.002,0
27329,1-74802988,1,76234556,T,A,0.02139,1e-06,4.6e-05,0.002,0
27364,1-74877570,1,76285349,T,C,0.01087,1e-06,7.6e-05,0.002,0
27407,1-74932307,1,76382165,T,C,0.026627,1e-06,4.7e-05,0.002,0
27408,1-74936377,1,76386235,T,A,0.014925,1e-06,5.1e-05,0.002,0
27409,1-74937274,1,76387132,A,G,0.011834,1e-06,8.6e-05,0.002,0
27423,1-74954470,1,76403585,A,G,0.017442,1e-06,9.1e-05,0.002,0
27452,1-74985082,1,76434202,A,G,0.012579,1e-06,9e-05,0.002,0
27512,1-75115543,1,76561390,A,G,0.009375,1e-06,6.7e-05,0.002,0
27525,1-75133958,1,76579806,T,C,0.010204,1e-06,0.00012,0.002,0
27580,1-75190307,1,76638315,T,C,0.020958,1e-06,6.6e-05,0.002,0
27622,1-75282575,1,76729350,A,G,0.005682,1e-06,0.000101,0.002,0
27624,1-75283469,1,76730244,A,G,0.01634,1e-06,5.5e-05,0.002,0
27671,1-75330799,1,76777574,T,C,0.013587,1e-06,7.9e-05,0.002,0
27710,1-75463033,1,76906887,G,A,0.555,1e-06,3.5e-05,0.002,0
27737,1-75540544,1,76979418,A,G,0.024876,1e-06,5.2e-05,0.002,0
27748,1-75556105,1,77029150,T,C,0.014881,1e-06,7.6e-05,0.002,0
27753,1-75564161,1,77037008,T,A,0.020115,1e-06,5.8e-05,0.002,0
27765,1-75649079,1,77078573,C,T,0.013587,1e-06,0.000105,0.002,0
27770,1-75659204,1,77088306,A,C,0.007772,1e-06,0.00014,0.002,0
27831,1-75841160,1,77271055,A,C,0.00995,1e-06,9e-05,0.002,0
27834,1-75847633,1,77277528,T,C,0.038889,1e-06,4.8e-05,0.002,0
27859,1-75898500,1,77329786,C,T,0.013441,1e-06,4.3e-05,0.002,0
27890,1-75951038,1,77383152,T,C,0.019704,1e-06,9.6e-05,0.002,0
27901,1-75969721,1,77401699,A,G,0.013736,1e-06,9.6e-05,0.002,0
28002,1-76205282,1,77706022,A,C,0.046875,1e-06,4.6e-05,0.002,0
28034,1-76340734,1,77833049,T,C,0.01462,1e-06,7.2e-05,0.002,0
28122,1-76578224,1,78067795,T,C,0.011236,1e-06,7.5e-05,0.002,0
28188,1-76755802,1,78255426,A,T,0.011278,1e-06,8.7e-05,0.002,0
28211,1-76809062,1,78308687,T,C,0.013298,1e-06,6.8e-05,0.002,0
28290,1-77028225,1,78527060,G,A,0.035503,1e-06,5.9e-05,0.002,0
28297,1-77077428,1,78576260,A,G,0.036496,1e-06,4.6e-05,0.002,0
28308,1-77092228,1,78590722,A,G,0.010753,1e-06,8.1e-05,0.002,0
28350,1-77217938,1,78721216,A,C,0.01105,1e-06,8e-05,0.002,0
28394,1-77390699,1,78913688,G,A,0.023121,1e-06,4.4e-05,0.002,0
28399,1-77404545,1,78927531,A,G,0.01462,1e-06,7.2e-05,0.002,0
28404,1-77418176,1,78943205,T,C,0.02809,1e-06,8e-05,0.002,0
28414,1-77428396,1,78953424,T,C,0.020408,1e-06,8e-05,0.002,0
28429,1-77444747,1,78969774,C,T,0.067039,1e-06,4.3e-05,0.002,0
28436,1-77463206,1,78988228,T,C,0.007979,1e-06,6.6e-05,0.002,0
28446,1-77493519,1,79007205,A,T,0.010989,1e-06,7.7e-05,0.002,0
28457,1-77479860,1,79021395,A,G,0.016043,1e-06,7.3e-05,0.002,0
28495,1-77618604,1,79178183,A,T,0.008287,1e-06,9.9e-05,0.002,0
28496,1-77676062,1,79202629,A,T,0.030201,1e-06,6.8e-05,0.002,0
28519,1-77715393,1,79241963,T,C,0.031646,1e-06,5.6e-05,0.002,0
28578,1-77898505,1,79425558,A,G,0.005952,1e-06,0.000131,0.002,0
28601,1-77976883,1,79508259,T,C,0.487685,1e-06,3.3e-05,0.002,0
28631,1-78117122,1,79606603,A,G,0.013889,1e-06,7.8e-05,0.002,0
28653,1-78160563,1,79652324,A,T,0.01087,1e-06,9.5e-05,0.002,0
28709,1-78247442,1,79779934,T,A,0.017588,1e-06,5.5e-05,0.002,0
28723,1-78292230,1,79824722,C,G,0.012755,1e-06,9.1e-05,0.002,0
28760,1-78384434,1,79892491,C,T,0.010638,1e-06,0.00013,0.002,0
28790,1-78492246,1,80013996,T,C,0.027363,1e-06,7.5e-05,0.002,0
28806,1-78516830,1,80038576,T,C,0.011834,1e-06,9.3e-05,0.002,0
28813,1-78548769,1,80062609,A,G,0.017413,1e-06,7.7e-05,0.002,0
28842,1-78598656,1,80119353,G,A,0.008475,1e-06,7.9e-05,0.002,0
28875,1-78649851,1,80174950,A,G,0.007614,1e-06,8.9e-05,0.002,0
28901,1-78703337,1,80228015,C,T,0.022613,1e-06,7.6e-05,0.002,0
28909,1-78708453,1,80233131,A,G,0.03,1e-06,8.8e-05,0.002,0
28920,1-78724962,1,80250030,T,C,0.021978,1e-06,8.7e-05,0.002,0
28984,1-78866139,1,80380529,G,A,0.014124,1e-06,8.5e-05,0.002,0
28992,1-78873210,1,80387599,A,G,0.017442,1e-06,4.1e-05,0.002,0
29081,1-79172467,1,80697809,T,C,0.117021,1e-06,4.5e-05,0.002,0
29120,1-79323367,1,80836702,T,C,0.019108,1e-06,7.1e-05,0.002,0
29123,1-79324791,1,80838182,T,C,0.014925,1e-06,7.5e-05,0.002,0
29125,1-79326846,1,80847229,G,A,0.026178,1e-06,4.1e-05,0.002,0
29177,1-79454646,1,80975532,G,A,0.015625,1e-06,6e-05,0.002,0
29190,1-79562465,1,80992977,G,A,0.043651,1e-06,4.4e-05,0.002,0
29197,1-79565107,1,80995619,C,T,0.003106,1e-06,0.000164,0.002,0
29219,1-79601746,1,81197595,T,C,0.021739,1e-06,5.5e-05,0.002,0
29236,1-79605567,1,81201416,A,G,0.02069,1e-06,0.000104,0.002,0
29244,1-79607626,1,81203475,T,C,0.009202,1e-06,6e-05,0.002,0
29247,1-79608900,1,81204749,T,C,0.016,1e-06,8.7e-05,0.002,0
29264,1-79682540,1,81235554,C,T,0.028571,1e-06,4.6e-05,0.002,0
29333,1-79795494,1,81421273,A,G,0.013228,1e-06,6.3e-05,0.002,0
29414,1-80063401,1,81673509,T,A,0.011111,1e-06,9.9e-05,0.002,0
29456,1-80182368,1,81777449,T,C,0.015873,1e-06,6.9e-05,0.002,0
29539,1-80386902,1,81971089,C,T,0.005291,1e-06,0.000137,0.002,0
29658,1-80679943,1,82284541,T,C,0.022388,1e-06,5.6e-05,0.002,0
29731,1-80926027,1,82520629,G,T,0.010101,1e-06,0.000103,0.002,0
29732,1-80927122,1,82521724,C,A,0.019337,1e-06,5.4e-05,0.002,0
29831,1-81134687,1,82733237,G,T,0.010714,1e-06,0.000113,0.002,0
29840,1-81140442,1,82738425,C,T,0.00565,1e-06,0.00018,0.002,0
29869,1-81227390,1,82835672,A,G,0.00625,1e-06,0.000114,0.002,0
29927,1-81404293,1,83007090,C,G,0.031073,1e-06,6.8e-05,0.002,0
29932,1-81427068,1,83029865,C,T,0.032738,1e-06,4.5e-05,0.002,0
30059,1-81757074,1,83380944,T,G,0.005495,1e-06,6.4e-05,0.002,0
30066,1-81778636,1,83402503,A,G,0.015244,1e-06,5.8e-05,0.002,0
30089,1-81852333,1,83477843,T,A,0.015267,1e-06,6.1e-05,0.002,0
30108,1-81920209,1,83536849,C,T,0.011194,1e-06,7.1e-05,0.002,0
30140,1-81960888,1,83586212,A,G,0.017964,1e-06,8.6e-05,0.002,0
30141,1-81960891,1,83586215,T,C,0.035714,1e-06,4.7e-05,0.002,0
30169,1-82048012,1,83674057,C,T,0.018421,1e-06,9.8e-05,0.002,0
30186,1-82115169,1,83740444,G,T,0.022472,1e-06,5.1e-05,0.002,0
30211,1-82208173,1,83833305,T,C,0.054187,1e-06,4.9e-05,0.002,0
30218,1-82231157,1,83850161,T,C,0.006897,1e-06,6.5e-05,0.002,0
30227,1-82258985,1,83874094,T,C,0.010204,1e-06,7.3e-05,0.002,0
30243,1-82342708,1,83987202,A,G,0.007143,1e-06,0.000131,0.002,0
30301,1-82506726,1,84146028,T,A,0.015924,1e-06,9.8e-05,0.002,0
30327,1-82587455,1,84227583,G,A,0.008721,1e-06,9.6e-05,0.002,0
30330,1-82597055,1,84237176,T,G,0.018229,1e-06,4.9e-05,0.002,0
30331,1-82597315,1,84237436,A,C,0.0175,1e-06,5.9e-05,0.002,0
30405,1-82809468,1,84456189,T,C,0.012376,1e-06,7.4e-05,0.002,0
30410,1-82824636,1,84471357,A,G,0.007282,1e-06,7.7e-05,0.002,0
30514,1-83088409,1,84787070,T,C,0.010309,1e-06,0.000114,0.002,0
30535,1-83239458,1,84896241,A,C,0.009434,1e-06,0.000135,0.002,0
30543,1-83258859,1,84915642,C,G,0.041096,1e-06,5.3e-05,0.002,0
30571,1-83360143,1,85017024,A,G,0.010638,1e-06,0.000161,0.002,0
30572,1-83362961,1,85019840,T,C,0.022152,1e-06,6.4e-05,0.002,0
30617,1-83443731,1,85097942,A,C,0.007692,1e-06,9.7e-05,0.002,0
30654,1-83568729,1,85215296,A,G,0.043919,1e-06,4e-05,0.002,0
30661,1-83584941,1,85223976,C,T,0.016575,1e-06,5.8e-05,0.002,0
30703,1-83703156,1,85380967,C,T,0.007519,1e-06,0.000115,0.002,0
30715,1-83733736,1,85408082,G,T,0.005291,1e-06,0.000134,0.002,0
30750,1-83789919,1,85464901,T,C,0.008571,1e-06,0.000123,0.002,0
30752,1-83800084,1,85475065,T,C,0.020408,1e-06,4.8e-05,0.002,0
30780,1-83861824,1,85532754,G,T,0.056995,1e-06,4e-05,0.002,0
30884,1-84067546,1,85770831,T,C,0.00565,1e-06,8.9e-05,0.002,0
30990,1-84413927,1,86120670,T,C,0.032787,1e-06,5.3e-05,0.002,0
31000,1-84443750,1,86150420,T,G,0.008108,1e-06,9.5e-05,0.002,0
31036,1-84574302,1,86287491,A,G,0.048913,1e-06,4.5e-05,0.002,0
31058,1-84671711,1,86362678,A,G,0.01699,1e-06,7.6e-05,0.002,0
31134,1-84884342,1,86591065,A,G,0.011561,1e-06,0.00011,0.002,0
31165,1-84994600,1,86700778,A,G,0.007463,1e-06,8.4e-05,0.002,0
31300,1-85468020,1,87221878,A,G,0.048701,1e-06,4.9e-05,0.002,0
31346,1-85596875,1,87357951,T,C,0.030405,1e-06,6.2e-05,0.002,0
31408,1-85816762,1,87563047,A,C,0.016129,1e-06,5.3e-05,0.002,0
31439,1-85876535,1,87624871,C,T,0.066879,1e-06,3.5e-05,0.002,0
31486,1-85921356,1,87760997,A,G,0.013089,1e-06,0.000108,0.002,0
31508,1-85933326,1,87772967,T,C,0.004926,1e-06,0.000125,0.002,0
31526,1-85976114,1,87814281,T,C,0.013587,1e-06,5.2e-05,0.002,0
31557,1-86036692,1,87874024,T,C,0.008065,1e-06,0.000101,0.002,0
31597,1-86143751,1,87990756,C,T,0.042289,1e-06,3.8e-05,0.002,0
31609,1-86167606,1,88014611,A,G,0.008197,1e-06,0.00019,0.002,0
31736,1-86528119,1,88370402,A,G,0.013423,1e-06,6.6e-05,0.002,0
31770,1-86596101,1,88441450,T,G,0.010256,1e-06,9.1e-05,0.002,0
31817,1-86718695,1,88563838,T,C,0.018717,1e-06,8.6e-05,0.002,0
31831,1-86739273,1,88584416,A,G,0.008824,1e-06,7.6e-05,0.002,0
32044,1-87287852,1,89084590,A,G,0.025862,1e-06,5e-05,0.002,0
32057,1-87281669,1,89116314,T,A,0.009934,1e-06,5.5e-05,0.002,0
32063,1-87248021,1,89126158,T,C,0.014368,1e-06,8.3e-05,0.002,0
32074,1-87314397,1,89168620,T,C,0.012077,1e-06,4.8e-05,0.002,0
32185,1-87564367,1,89467010,T,C,0.007463,1e-06,5.4e-05,0.002,0
32208,1-87652717,1,89545426,A,G,0.015337,1e-06,0.000163,0.002,0
32232,1-87746955,1,89609469,T,G,0.028736,1e-06,6.3e-05,0.002,0
32238,1-87752483,1,89614996,C,G,0.008108,1e-06,0.000126,0.002,0
32257,1-87788770,1,89666244,A,G,0.012422,1e-06,0.000119,0.002,0
32277,1-87823898,1,89712944,T,A,0.01087,1e-06,8e-05,0.002,0
32335,1-87892771,1,89831017,A,T,0.009804,1e-06,0.000134,0.002,0
32353,1-87938686,1,89876296,A,C,0.022727,1e-06,6.3e-05,0.002,0
32417,1-88053663,1,89991273,T,C,0.023316,1e-06,5.3e-05,0.002,0
32421,1-88054534,1,89992143,C,T,0.020101,1e-06,8.7e-05,0.002,0
32471,1-88130752,1,90076796,T,A,0.008621,1e-06,8.5e-05,0.002,0
32636,1-88559689,1,90513091,A,C,0.013699,1e-06,8.2e-05,0.002,0
32651,1-88623819,1,90543471,T,G,0.01,1e-06,9.5e-05,0.002,0
32707,1-88700336,1,90664285,A,C,0.042929,1e-06,6.3e-05,0.002,0
32772,1-88898037,1,90859094,A,T,0.023936,1e-06,4.5e-05,0.002,0
32820,1-89036112,1,90991915,T,C,0.015228,1e-06,6.7e-05,0.002,0
32944,1-89344475,1,91318806,A,G,0.063187,1e-06,5.3e-05,0.002,0
32954,1-89325071,1,91340053,T,C,0.009804,1e-06,0.000111,0.002,0
32991,1-89409796,1,91381074,T,G,0.015,1e-06,9e-05,0.002,0
33009,1-89462631,1,91435927,T,C,0.013228,1e-06,9.6e-05,0.002,0
33022,1-89483144,1,91456436,A,G,0.013158,1e-06,7.9e-05,0.002,0
33056,1-89530828,1,91504109,T,C,0.007353,1e-06,9.6e-05,0.002,0
33066,1-89569875,1,91543273,A,C,0.010204,1e-06,0.000102,0.002,0
33117,1-89690666,1,91664331,T,C,0.029851,1e-06,5.3e-05,0.002,0
33151,1-89797601,1,91762932,T,C,0.007895,1e-06,0.000123,0.002,0
33179,1-89783819,1,91813477,T,C,0.018987,1e-06,6.1e-05,0.002,0
33202,1-89880125,1,91859756,G,A,0.060403,1e-06,5e-05,0.002,0
33282,1-90087053,1,92052381,A,G,0.010309,1e-06,9.5e-05,0.002,0
33299,1-90047651,1,92090463,A,T,0.006803,1e-06,0.000166,0.002,0
33487,1-90488165,1,92479624,C,T,0.010989,1e-06,0.00011,0.002,0
33527,1-90571387,1,92547548,T,G,0.033333,1e-06,5e-05,0.002,0
33556,1-90654089,1,92579194,A,G,0.025926,1e-06,7.2e-05,0.002,0
33591,1-90710118,1,92649075,T,G,0.007895,1e-06,0.000108,0.002,0
33647,1-90869300,1,92804109,A,C,0.018405,1e-06,6.6e-05,0.002,0
33662,1-90899494,1,92834301,A,G,0.014925,1e-06,8.5e-05,0.002,0
33684,1-90966876,1,92901678,T,G,0.020513,1e-06,5.8e-05,0.002,0
33703,1-91017321,1,92952526,A,G,0.095506,1e-06,3.7e-05,0.002,0
33704,1-91019475,1,92954628,A,G,0.013298,1e-06,0.000104,0.002,0
33716,1-91059977,1,92994914,A,G,0.017361,1e-06,5.2e-05,0.002,0
33735,1-91122811,1,93057745,T,C,0.012579,1e-06,7.3e-05,0.002,0
33738,1-91138704,1,93073636,A,G,0.013699,1e-06,5.8e-05,0.002,0
33856,1-91420472,1,93355482,A,G,0.039157,1e-06,5.1e-05,0.002,0
33859,1-91427433,1,93364531,T,C,0.028986,1e-06,5e-05,0.002,0
33972,1-91732651,1,93700958,A,G,0.046512,1e-06,4.5e-05,0.002,0
33985,1-91761346,1,93729065,T,C,0.015228,1e-06,5.4e-05,0.002,0
33988,1-91763501,1,93731217,T,C,0.05,1e-06,5.4e-05,0.002,0
34094,1-91949619,1,93922259,A,T,0.013793,1e-06,5.6e-05,0.002,0
34104,1-91991620,1,93939541,A,G,0.013587,1e-06,5.9e-05,0.002,0
34157,1-92099981,1,94094750,A,T,0.010753,1e-06,7.4e-05,0.002,0
34222,1-92197080,1,94199203,A,T,0.013089,1e-06,5.1e-05,0.002,0
34272,1-92294113,1,94398557,T,C,0.005263,1e-06,0.000137,0.002,0
34281,1-92328109,1,94431865,T,C,0.008523,1e-06,6e-05,0.002,0
34341,1-92466687,1,94582453,T,C,0.015337,1e-06,5.6e-05,0.002,0
34409,1-92597507,1,94727743,T,C,0.025547,1e-06,4.6e-05,0.002,0
34423,1-92671883,1,94802268,C,T,0.005556,1e-06,9e-05,0.002,0
34462,1-92823770,1,94916178,A,C,0.013889,1e-06,8.1e-05,0.002,0
34491,1-92875227,1,95008958,C,G,0.018072,1e-06,8.1e-05,0.002,0
34531,1-92950581,1,95123629,A,G,0.024155,1e-06,9.4e-05,0.002,0
34595,1-93158889,1,95298859,T,C,0.043796,1e-06,3.3e-05,0.002,0
34633,1-93298606,1,95443132,G,A,0.066667,1e-06,4.8e-05,0.002,0
34699,1-93465405,1,95543141,A,G,0.007538,1e-06,6.3e-05,0.002,0
34713,1-93438279,1,95570266,A,G,0.020101,1e-06,6.5e-05,0.002,0
34748,1-93487901,1,95629057,T,C,0.010526,1e-06,8.6e-05,0.002,0
34770,1-93525967,1,95667764,A,G,0.013514,1e-06,6.2e-05,0.002,0
34797,1-93604265,1,95751238,T,C,0.002976,1e-06,0.000135,0.002,0
34800,1-93605238,1,95752211,T,C,0.023936,1e-06,4.7e-05,0.002,0
34850,1-93742702,1,95898432,G,A,0.022581,1e-06,6.9e-05,0.002,0
34887,1-93836706,1,95993233,T,A,0.012195,1e-06,7.3e-05,0.002,0
34897,1-93869140,1,96051836,A,G,0.019231,1e-06,8.2e-05,0.002,0
34919,1-93928239,1,96095369,C,T,0.014925,1e-06,5.1e-05,0.002,0
34920,1-93928678,1,96095808,A,G,0.02,1e-06,5.9e-05,0.002,0
35006,1-94119220,1,96313040,A,G,0.009091,1e-06,6.2e-05,0.002,0
35052,1-94223758,1,96417095,A,C,0.016026,1e-06,5e-05,0.002,0
35061,1-94230360,1,96423691,A,G,0.027132,1e-06,4.8e-05,0.002,0
35163,1-94438452,1,96645362,A,G,0.038462,1e-06,5.6e-05,0.002,0
35186,1-94511510,1,96717324,A,T,0.016667,1e-06,5.3e-05,0.002,0
35204,1-94602013,1,96791589,A,C,0.017857,1e-06,9.1e-05,0.002,0
35213,1-94586405,1,96825948,T,A,0.01049,1e-06,7.2e-05,0.001,0
35218,1-94565146,1,96847200,A,G,0.073298,1e-06,4.4e-05,0.002,0
35299,1-94884846,1,97100755,G,A,0.010309,1e-06,0.000117,0.002,0
35309,1-94903490,1,97118701,T,A,0.011236,1e-06,6.7e-05,0.002,0
35329,1-94938955,1,97153840,A,G,0.015957,1e-06,8.4e-05,0.002,0
35344,1-94971101,1,97185984,T,C,0.019126,1e-06,4.2e-05,0.002,0
35370,1-95028038,1,97242840,A,G,0.012821,1e-06,5.4e-05,0.002,0
35386,1-95070517,1,97287310,A,C,0.013812,1e-06,8.7e-05,0.002,0
35403,1-95091917,1,97309115,A,G,0.022472,1e-06,4.7e-05,0.002,0
35435,1-95203465,1,97421812,C,T,0.011299,1e-06,7.5e-05,0.002,0
35470,1-95261425,1,97477452,T,C,0.021212,1e-06,6.6e-05,0.002,0
35514,1-95365434,1,97582208,T,C,0.012563,1e-06,8.5e-05,0.002,0
35590,1-95551993,1,97775992,G,T,0.003676,1e-06,0.000113,0.002,0
35624,1-95642375,1,97866346,A,G,0.019231,1e-06,6.7e-05,0.002,0
35639,1-95676345,1,97880331,A,C,0.018421,1e-06,5.3e-05,0.002,0
35657,1-95764748,1,97973382,C,T,0.012903,1e-06,0.000103,0.002,0
35683,1-95850114,1,98061997,T,C,0.096774,1e-06,2.9e-05,0.002,0
35685,1-95851902,1,98063785,A,G,0.003226,1e-06,7e-05,0.002,0
35724,1-95918348,1,98214979,T,C,0.027094,1e-06,5.7e-05,0.002,0
35805,1-96215561,1,98477328,A,C,0.015957,1e-06,9.1e-05,0.002,0
35840,1-96277708,1,98539129,A,G,0.020101,1e-06,6.4e-05,0.002,0
35841,1-96277788,1,98539209,T,C,0.020101,1e-06,6.1e-05,0.002,0
35870,1-96378281,1,98642098,T,C,0.009494,1e-06,0.000107,0.002,0
35908,1-96483202,1,98714516,A,G,0.020588,1e-06,5.4e-05,0.002,0
35970,1-96609398,1,98878530,T,C,0.007282,1e-06,9.1e-05,0.002,0
36041,1-96796375,1,99057033,A,G,0.020468,1e-06,5.8e-05,0.002,0
36051,1-96816748,1,99087157,G,T,0.018229,1e-06,5.5e-05,0.002,0
36071,1-96839740,1,99110150,T,G,0.013158,1e-06,7.5e-05,0.002,0
36140,1-97026640,1,99297828,C,T,0.013514,1e-06,6.9e-05,0.002,0
36143,1-97028411,1,99299599,T,G,0.012195,1e-06,6.2e-05,0.002,0
36147,1-97035862,1,99307042,T,C,0.01506,1e-06,7.3e-05,0.002,0
36173,1-97115779,1,99387372,A,C,0.017143,1e-06,4.9e-05,0.002,0
36186,1-97143253,1,99408457,A,G,0.008287,1e-06,7.5e-05,0.002,0
36190,1-97166141,1,99429204,T,A,0.014778,1e-06,4.1e-05,0.002,0
36241,1-97305329,1,99562653,C,T,0.0125,1e-06,7.2e-05,0.002,0
36248,1-97329135,1,99586492,A,G,0.020408,1e-06,5.4e-05,0.002,0
36334,1-97539697,1,99801535,A,C,0.005882,1e-06,0.000146,0.002,0
36405,1-97728588,1,99990875,C,G,0.015707,1e-06,5.3e-05,0.002,0
36425,1-97786298,1,100045827,C,T,0.011494,1e-06,6.6e-05,0.002,0
36482,1-97945516,1,100156023,T,C,0.011765,1e-06,8.3e-05,0.002,0
36528,1-97911347,1,100247455,A,G,0.022857,1e-06,5.7e-05,0.002,0
36545,1-98015613,1,100287113,A,G,0.010256,1e-06,5.7e-05,0.002,0
36604,1-98186933,1,100468728,C,T,0.027624,1e-06,5.5e-05,0.002,0
36651,1-98388593,1,100669559,T,C,0.024138,1e-06,6.3e-05,0.002,0
36660,1-98431072,1,100706117,A,G,0.01105,1e-06,6.8e-05,0.002,0
36670,1-98414246,1,100723089,A,G,0.010152,1e-06,6.3e-05,0.002,0
36743,1-98610023,1,100928564,A,G,0.020202,1e-06,5.5e-05,0.002,0
36748,1-98612776,1,100931317,A,G,0.010417,1e-06,7.5e-05,0.002,0
36777,1-98711490,1,101028727,A,C,0.015152,1e-06,5.2e-05,0.002,0
36780,1-98733920,1,101050217,T,C,0.017442,1e-06,6.4e-05,0.002,0
36801,1-98833784,1,101150788,A,G,0.007426,1e-06,6.4e-05,0.002,0
36860,1-99006328,1,101330430,A,G,0.032738,1e-06,5.5e-05,0.003,0
37036,1-99726672,1,102081046,C,T,0.009852,1e-06,9.2e-05,0.002,0
37076,1-99853198,1,102216028,T,A,0.009804,1e-06,8.8e-05,0.002,0
37175,1-100086522,1,102448918,T,C,0.022556,1e-06,5.4e-05,0.002,0
37220,1-100214669,1,102577825,A,G,0.068862,1e-06,3.9e-05,0.002,0
37280,1-100372840,1,102736877,T,C,0.033333,1e-06,6.2e-05,0.002,0
37324,1-100542880,1,102908005,T,G,0.008671,1e-06,7.4e-05,0.002,0
37334,1-100548757,1,102913882,A,G,0.0125,1e-06,9.6e-05,0.002,0
37381,1-100639780,1,103001700,T,C,0.010471,1e-06,7.6e-05,0.002,0
37417,1-100703977,1,103074383,A,G,0.011628,1e-06,8e-05,0.002,0
37478,1-100943088,1,103309929,T,C,0.021277,1e-06,6.4e-05,0.002,0
37499,1-101014434,1,103376358,A,G,0.011429,1e-06,0.000102,0.002,0
37550,1-101184840,1,103545641,A,T,0.019108,1e-06,7.2e-05,0.002,0
37571,1-101241586,1,103600266,T,C,0.039286,1e-06,5.4e-05,0.002,0
37623,1-101389605,1,103748268,T,C,0.01105,1e-06,7.9e-05,0.002,0
37628,1-101397593,1,103756251,G,A,0.021164,1e-06,5.5e-05,0.002,0
37695,1-101729606,1,104061980,T,C,0.0175,1e-06,6.3e-05,0.002,0
37698,1-101733249,1,104065623,T,G,0.068421,1e-06,3.4e-05,0.002,0
37703,1-101741581,1,104073955,T,C,0.081169,1e-06,3.9e-05,0.002,0
37704,1-101746898,1,104079273,A,G,0.028947,1e-06,4.7e-05,0.002,0
37709,1-101754105,1,104086479,T,C,0.01269,1e-06,0.000104,0.002,0
37712,1-101756825,1,104089199,G,T,0.039894,1e-06,5.4e-05,0.002,0
37731,1-101798591,1,104131045,A,G,0.025381,1e-06,5.4e-05,0.002,0
37746,1-101830344,1,104162795,A,G,0.025641,1e-06,6.4e-05,0.002,0
37861,1-101887679,1,104495403,C,T,0.015504,1e-06,5.7e-05,0.002,0
37905,1-102054014,1,104627338,A,C,0.012821,1e-06,6.9e-05,0.002,0
37908,1-102060788,1,104634112,T,C,0.010345,1e-06,9.8e-05,0.002,0
37910,1-102066293,1,104639617,T,C,0.00995,1e-06,8.2e-05,0.002,0
37949,1-102160793,1,104736672,T,C,0.027778,1e-06,6.1e-05,0.002,0
38067,1-102487413,1,105079869,G,C,0.009804,1e-06,7.8e-05,0.002,0
38074,1-102495086,1,105087542,A,G,0.005181,1e-06,8.7e-05,0.002,0
38132,1-102643638,1,105236087,A,G,0.019355,1e-06,4.8e-05,0.002,0
38156,1-102844239,1,105405332,A,C,0.017143,1e-06,6.5e-05,0.002,0
38172,1-102855511,1,105451279,T,C,0.065,1e-06,5e-05,0.002,0
38174,1-102856420,1,105452188,T,C,0.010526,1e-06,0.000113,0.002,0
38190,1-102893463,1,105489222,A,G,0.013514,1e-06,5.5e-05,0.002,0
38290,1-103138567,1,105741096,T,C,0.038251,1e-06,6.4e-05,0.002,0
38322,1-103177114,1,105779643,T,G,0.002632,1e-06,0.000144,0.002,0
38364,1-103368027,1,105910783,T,C,0.013812,1e-06,6.2e-05,0.002,0
38428,1-103487940,1,106039387,A,T,0.012821,1e-06,5.4e-05,0.003,0
38436,1-103504473,1,106055919,G,A,0.012255,1e-06,6.7e-05,0.002,0
38571,1-103721997,1,106310410,G,C,0.013966,1e-06,0.000101,0.002,0
38586,1-103814649,1,106358841,A,G,0.015957,1e-06,5.6e-05,0.002,0
38592,1-103827511,1,106371703,T,C,0.020101,1e-06,8e-05,0.002,0
38638,1-103962875,1,106509895,A,T,0.015244,1e-06,8.8e-05,0.002,0
38644,1-103993221,1,106540167,T,C,0.017751,1e-06,5.7e-05,0.002,0
38663,1-104043514,1,106607525,A,G,0.011111,1e-06,0.000133,0.002,0
38707,1-104185427,1,106735234,A,G,0.020619,1e-06,6.3e-05,0.002,0
38749,1-104262697,1,106819073,T,C,0.015,1e-06,8.4e-05,0.002,0
38756,1-104282387,1,106838600,T,A,0.046798,1e-06,4.6e-05,0.002,0
38759,1-104285418,1,106841631,A,C,0.009756,1e-06,8.5e-05,0.002,0
38760,1-104286707,1,106842920,T,C,0.005128,1e-06,0.000116,0.001,0
38793,1-104348230,1,106911282,A,G,0.007732,1e-06,0.000107,0.002,0
38796,1-104353136,1,106916187,A,T,0.024457,1e-06,6.1e-05,0.002,0
38798,1-104362645,1,106925693,T,C,0.005495,1e-06,0.000159,0.002,0
38808,1-104411703,1,106976182,T,C,0.033149,1e-06,5.9e-05,0.002,0
38819,1-104430575,1,106995084,A,G,0.007426,1e-06,9e-05,0.002,0
38822,1-104435927,1,107000435,C,T,0.010152,1e-06,0.000117,0.002,0
38829,1-104443158,1,107007665,A,G,0.012438,1e-06,5.8e-05,0.002,0
38841,1-104464847,1,107029354,A,G,0.013661,1e-06,7.8e-05,0.002,0
38887,1-104594166,1,107157986,A,G,0.010274,1e-06,7.8e-05,0.002,0
